1.94e-05
1.69e-05
1.69e-05
2.63e-05
3.39e-05
1.68e-05
1.66e-05
1.66e-05
1.77e-05
1.78e-05
1.73e-05
9.41e-05
1.79e-05
1.91e-05
2.02e-05
1.69e-05
1.72e-05
1.98e-05
1.7e-05
2.18e-05
2.3e-05
1.73e-05
1.71e-05
1.66e-05
1.68e-05
2.31e-05
1.81e-05
1.78e-05
4.96e-05
1.7e-05
1.72e-05
1.72e-05
2.68e-05
1.69e-05
1.69e-05
1.72e-05
4.63e-05
1.7e-05
1.68e-05
1.68e-05
1.71e-05
1.7e-05
1.69e-05
1.71e-05
1.66e-05
1.74e-05
1.69e-05
1.68e-05
1.71e-05
1.68e-05
1.68e-05
1.68e-05
1.67e-05
1.69e-05
1.69e-05
1.68e-05
1.69e-05
1.69e-05
1.7e-05
1.71e-05
1.69e-05
1.69e-05
1.68e-05
1.71e-05
1.68e-05
1.69e-05
1.67e-05
1.68e-05
1.7e-05
1.91e-05
1.81e-05
1.7e-05
1.68e-05
1.69e-05
9.49e-05
1.73e-05
1.69e-05
1.69e-05
1.67e-05
1.69e-05
1.68e-05
1.69e-05
1.91e-05
1.69e-05
1.7e-05
1.73e-05
1.7e-05
1.68e-05
2.79e-05
1.69e-05
1.68e-05
1.71e-05
1.69e-05
1.72e-05
1.7e-05
1.7e-05
1.68e-05
1.7e-05
1.68e-05
2.37e-05
1.69e-05
1.68e-05
1.7e-05
1.7e-05
1.68e-05
1.69e-05
1.7e-05
4.64e-05
1.68e-05
1.71e-05
1.67e-05
1.68e-05
1.71e-05
1.68e-05
1.69e-05
1.68e-05
1.7e-05
1.7e-05
1.7e-05
1.72e-05
1.7e-05
1.72e-05
2.03e-05
1.67e-05
1.7e-05
1.74e-05
1.66e-05
1.68e-05
1.68e-05
1.71e-05
1.74e-05
1.69e-05
1.69e-05
1.69e-05
2.52e-05
1.69e-05
1.69e-05
1.68e-05
1.7e-05
1.67e-05
1.69e-05
1.92e-05
1.67e-05
1.71e-05
1.69e-05
1.7e-05
1.67e-05
1.69e-05
1.68e-05
1.72e-05
1.69e-05
1.68e-05
1.68e-05
1.7e-05
1.71e-05
1.7e-05
1.7e-05
1.74e-05
1.68e-05
1.69e-05
1.67e-05
1.7e-05
1.7e-05
1.68e-05
1.69e-05
1.72e-05
1.7e-05
1.68e-05
1.69e-05
1.68e-05
1.93e-05
1.69e-05
1.71e-05
1.68e-05
1.68e-05
1.71e-05
1.69e-05
1.69e-05
3.15e-05
1.71e-05
1.69e-05
1.69e-05
1.69e-05
1.67e-05
1.69e-05
1.68e-05
2.57e-05
1.71e-05
1.67e-05
1.7e-05
1.69e-05
1.7e-05
1.67e-05
1.67e-05
1.7e-05
1.69e-05
1.66e-05
1.68e-05
0.0001127
1.68e-05
1.68e-05
1.7e-05
1.69e-05
1.73e-05
1.74e-05
1.67e-05
1.67e-05
1.72e-05
1.66e-05
1.68e-05
1.66e-05
1.69e-05
1.98e-05
1.69e-05
1.69e-05
1.68e-05
1.68e-05
1.71e-05
1.69e-05
1.69e-05
1.66e-05
1.69e-05
1.67e-05
1.67e-05
1.69e-05
1.67e-05
1.7e-05
1.7e-05
1.69e-05
1.69e-05
1.7e-05
1.69e-05
2.07e-05
1.7e-05
1.7e-05
1.71e-05
1.68e-05
1.74e-05
1.72e-05
1.71e-05
1.71e-05
1.74e-05
1.69e-05
1.76e-05
1.7e-05
1.69e-05
1.93e-05
1.68e-05
1.69e-05
1.7e-05
1.68e-05
1.68e-05
1.69e-05
1.71e-05
1.7e-05
1.67e-05
1.69e-05
1.69e-05
1.67e-05
1.69e-05
1.68e-05
1.69e-05
1.69e-05
1.68e-05
1.67e-05
2.53e-05
1.68e-05
1.69e-05
1.73e-05
1.68e-05
1.94e-05
1.71e-05
1.69e-05
1.69e-05
1.7e-05
1.69e-05
1.7e-05
1.7e-05
1.7e-05
1.7e-05
1.69e-05
1.68e-05
1.68e-05
1.71e-05
2.69e-05
1.73e-05
1.67e-05
1.7e-05
1.68e-05
1.68e-05
1.69e-05
1.71e-05
1.68e-05
1.73e-05
1.7e-05
1.69e-05
1.69e-05
1.69e-05
1.73e-05
1.69e-05
1.7e-05
1.7e-05
1.69e-05
1.72e-05
4.46e-05
1.69e-05
1.69e-05
1.7e-05
1.67e-05
1.69e-05
1.81e-05
1.67e-05
1.73e-05
1.68e-05
1.69e-05
1.69e-05
1.69e-05
1.69e-05
1.71e-05
1.68e-05
1.7e-05
1.7e-05
1.69e-05
1.71e-05
1.69e-05
1.69e-05
1.68e-05
1.72e-05
1.65e-05
1.83e-05
1.68e-05
2.94e-05
1.71e-05
1.7e-05
1.71e-05
1.69e-05
1.69e-05
1.69e-05
1.67e-05
1.68e-05
1.64e-05
1.69e-05
1.7e-05
1.68e-05
4.3e-05
1.66e-05
1.69e-05
1.72e-05
1.78e-05
1.68e-05
1.7e-05
1.67e-05
1.68e-05
1.7e-05
1.69e-05
1.69e-05
1.73e-05
1.69e-05
1.7e-05
1.69e-05
1.68e-05
1.68e-05
1.68e-05
1.72e-05
1.69e-05
1.68e-05
1.69e-05
1.68e-05
1.75e-05
1.69e-05
1.68e-05
1.7e-05
1.72e-05
1.7e-05
1.69e-05
1.72e-05
1.7e-05
1.69e-05
1.69e-05
1.68e-05
2.24e-05
1.72e-05
1.71e-05
1.69e-05
1.69e-05
2.23e-05
1.69e-05
2.08e-05
1.69e-05
1.69e-05
1.71e-05
1.69e-05
1.69e-05
1.69e-05
1.69e-05
1.68e-05
1.7e-05
1.68e-05
1.69e-05
1.68e-05
1.7e-05
1.7e-05
1.68e-05
1.69e-05
1.66e-05
1.75e-05
1.81e-05
1.98e-05
1.68e-05
1.66e-05
1.71e-05
1.63e-05
1.65e-05
1.67e-05
2.24e-05
1.68e-05
1.71e-05
1.68e-05
1.7e-05
1.73e-05
1.69e-05
1.7e-05
1.69e-05
1.69e-05
1.7e-05
1.71e-05
1.68e-05
1.71e-05
1.68e-05
1.7e-05
1.7e-05
1.69e-05
1.69e-05
1.68e-05
1.69e-05
1.69e-05
1.86e-05
1.68e-05
1.67e-05
1.73e-05
1.69e-05
1.68e-05
1.69e-05
1.69e-05
1.7e-05
1.8e-05
1.69e-05
1.69e-05
1.67e-05
1.7e-05
1.68e-05
1.95e-05
1.69e-05
1.69e-05
1.69e-05
2.15e-05
1.68e-05
1.69e-05
2.26e-05
1.7e-05
1.69e-05
1.7e-05
1.69e-05
1.67e-05
1.8e-05
1.73e-05
1.72e-05
1.69e-05
2.65e-05
1.69e-05
1.68e-05
2.3e-05
1.65e-05
1.69e-05
1.68e-05
1.72e-05
1.69e-05
1.66e-05
1.68e-05
1.69e-05
1.67e-05
1.75e-05
1.71e-05
1.68e-05
1.79e-05
1.71e-05
1.69e-05
1.69e-05
1.66e-05
1.73e-05
1.72e-05
1.68e-05
1.7e-05
1.69e-05
1.69e-05
1.67e-05
1.7e-05
2.26e-05
1.69e-05
1.72e-05
1.69e-05
1.68e-05
1.68e-05
1.78e-05
1.69e-05
1.69e-05
1.96e-05
1.73e-05
1.69e-05
1.7e-05
1.69e-05
1.7e-05
1.69e-05
1.69e-05
1.69e-05
1.7e-05
1.72e-05
1.69e-05
1.7e-05
1.7e-05
1.77e-05
1.69e-05
1.69e-05
1.81e-05
1.69e-05
1.7e-05
1.85e-05
1.7e-05
1.7e-05
1.69e-05
1.71e-05
1.7e-05
1.64e-05
1.65e-05
1.69e-05
1.69e-05
1.65e-05
1.68e-05
0.0001145
1.68e-05
1.74e-05
1.69e-05
1.71e-05
1.8e-05
1.7e-05
1.68e-05
1.68e-05
1.9e-05
1.7e-05
1.68e-05
1.7e-05
1.69e-05
1.69e-05
2.26e-05
1.69e-05
1.7e-05
1.66e-05
1.69e-05
1.68e-05
1.7e-05
1.68e-05
1.66e-05
1.78e-05
1.71e-05
1.68e-05
1.7e-05
1.69e-05
1.68e-05
1.71e-05
1.72e-05
1.68e-05
1.71e-05
1.69e-05
1.75e-05
1.69e-05
1.71e-05
1.69e-05
1.67e-05
1.68e-05
1.71e-05
1.74e-05
1.68e-05
1.78e-05
1.69e-05
1.7e-05
1.72e-05
1.68e-05
1.69e-05
1.68e-05
1.71e-05
1.73e-05
1.72e-05
1.68e-05
1.69e-05
1.69e-05
1.69e-05
1.69e-05
1.69e-05
1.68e-05
1.69e-05
2.51e-05
1.68e-05
1.83e-05
1.71e-05
1.89e-05
1.69e-05
1.68e-05
1.7e-05
1.64e-05
1.66e-05
1.69e-05
1.69e-05
1.68e-05
1.68e-05
1.68e-05
1.67e-05
1.73e-05
1.68e-05
1.76e-05
1.7e-05
1.73e-05
1.76e-05
1.69e-05
1.7e-05
1.7e-05
1.68e-05
1.69e-05
1.7e-05
1.75e-05
1.68e-05
1.7e-05
1.67e-05
1.7e-05
1.69e-05
2e-05
1.7e-05
1.66e-05
2.28e-05
1.69e-05
1.68e-05
1.68e-05
1.78e-05
1.69e-05
1.69e-05
1.67e-05
1.69e-05
1.69e-05
1.69e-05
1.73e-05
1.71e-05
1.68e-05
1.68e-05
1.69e-05
1.69e-05
1.67e-05
1.71e-05
1.69e-05
1.7e-05
1.67e-05
1.68e-05
2.41e-05
1.69e-05
1.68e-05
1.68e-05
1.71e-05
1.69e-05
1.69e-05
1.69e-05
2.89e-05
1.69e-05
1.7e-05
1.71e-05
1.69e-05
1.69e-05
1.71e-05
1.69e-05
1.68e-05
1.68e-05
1.71e-05
1.87e-05
1.69e-05
1.69e-05
1.69e-05
1.71e-05
1.69e-05
1.7e-05
1.68e-05
1.7e-05
2.33e-05
1.89e-05
1.68e-05
1.69e-05
2.23e-05
1.68e-05
1.68e-05
1.7e-05
1.73e-05
1.71e-05
1.93e-05
1.77e-05
1.69e-05
1.74e-05
1.7e-05
1.69e-05
1.68e-05
1.68e-05
1.69e-05
1.68e-05
1.65e-05
1.64e-05
1.68e-05
1.69e-05
1.7e-05
1.68e-05
1.68e-05
1.72e-05
1.64e-05
1.71e-05
1.81e-05
1.69e-05
1.68e-05
1.7e-05
1.7e-05
1.7e-05
1.69e-05
1.68e-05
2.18e-05
1.65e-05
1.72e-05
1.69e-05
2.24e-05
1.68e-05
1.69e-05
1.7e-05
2.22e-05
1.71e-05
1.7e-05
1.82e-05
1.69e-05
1.7e-05
1.7e-05
1.69e-05
1.86e-05
1.71e-05
1.69e-05
1.7e-05
1.71e-05
1.71e-05
1.7e-05
1.68e-05
1.69e-05
1.69e-05
2.26e-05
1.68e-05
1.69e-05
1.68e-05
1.67e-05
1.79e-05
1.68e-05
1.69e-05
1.7e-05
1.69e-05
1.7e-05
1.68e-05
1.68e-05
1.72e-05
1.69e-05
1.69e-05
1.71e-05
1.69e-05
1.7e-05
1.69e-05
2.02e-05
1.7e-05
1.71e-05
1.68e-05
1.72e-05
1.78e-05
1.7e-05
1.7e-05
1.7e-05
1.7e-05
1.73e-05
1.68e-05
1.7e-05
5.29e-05
1.7e-05
1.68e-05
1.72e-05
1.69e-05
2.21e-05
1.67e-05
1.7e-05
1.71e-05
1.68e-05
1.68e-05
1.79e-05
1.69e-05
1.69e-05
1.68e-05
1.7e-05
1.68e-05
1.7e-05
1.71e-05
1.72e-05
1.69e-05
1.69e-05
1.7e-05
1.67e-05
1.68e-05
1.67e-05
1.71e-05
1.69e-05
2.22e-05
1.68e-05
2.26e-05
1.71e-05
1.67e-05
1.72e-05
1.69e-05
1.74e-05
9.88e-05
1.68e-05
1.67e-05
1.72e-05
1.69e-05
1.69e-05
1.64e-05
1.63e-05
1.69e-05
1.72e-05
1.71e-05
1.67e-05
2.19e-05
1.68e-05
1.71e-05
1.71e-05
1.69e-05
1.7e-05
1.69e-05
1.7e-05
1.68e-05
2.2e-05
1.69e-05
1.73e-05
1.71e-05
1.72e-05
1.68e-05
1.7e-05
1.79e-05
1.68e-05
1.68e-05
2.08e-05
1.7e-05
1.68e-05
1.69e-05
1.69e-05
1.69e-05
1.69e-05
1.67e-05
1.93e-05
1.73e-05
1.71e-05
1.68e-05
1.69e-05
2.19e-05
1.68e-05
1.69e-05
1.69e-05
1.69e-05
1.99e-05
2.03e-05
1.97e-05
1.7e-05
1.69e-05
1.68e-05
1.68e-05
1.65e-05
5.28e-05
1.69e-05
1.69e-05
1.7e-05
1.68e-05
1.69e-05
1.67e-05
1.68e-05
1.69e-05
1.7e-05
1.68e-05
1.71e-05
1.7e-05
1.74e-05
1.71e-05
1.71e-05
1.74e-05
1.7e-05
1.7e-05
1.69e-05
1.7e-05
1.74e-05
1.7e-05
1.7e-05
1.73e-05
2.22e-05
1.69e-05
1.7e-05
2.48e-05
1.7e-05
1.67e-05
1.69e-05
1.87e-05
1.7e-05
1.69e-05
1.71e-05
3.54e-05
1.7e-05
1.71e-05
1.71e-05
1.69e-05
1.7e-05
1.71e-05
1.73e-05
1.72e-05
1.69e-05
1.71e-05
1.7e-05
1.7e-05
2.25e-05
1.69e-05
1.71e-05
1.7e-05
1.69e-05
1.69e-05
1.68e-05
1.68e-05
1.68e-05
1.69e-05
1.68e-05
1.7e-05
1.71e-05
1.7e-05
1.7e-05
1.7e-05
1.69e-05
1.68e-05
1.72e-05
1.67e-05
1.69e-05
1.72e-05
1.74e-05
1.64e-05
1.66e-05
1.72e-05
1.69e-05
1.71e-05
1.68e-05
1.71e-05
1.69e-05
1.66e-05
2.51e-05
1.69e-05
1.66e-05
1.71e-05
1.69e-05
1.69e-05
1.7e-05
1.71e-05
1.72e-05
1.68e-05
1.67e-05
1.68e-05
1.69e-05
1.73e-05
1.71e-05
1.69e-05
1.69e-05
1.67e-05
1.68e-05
1.69e-05
1.7e-05
1.71e-05
1.71e-05
1.69e-05
1.7e-05
1.7e-05
1.68e-05
1.64e-05
1.64e-05
1.68e-05
1.69e-05
1.68e-05
1.69e-05
1.69e-05
1.68e-05
1.71e-05
1.72e-05
1.67e-05
1.68e-05
1.71e-05
1.7e-05
1.68e-05
1.67e-05
1.69e-05
1.7e-05
1.68e-05
1.7e-05
1.68e-05
1.65e-05
1.68e-05
1.73e-05
1.68e-05
1.68e-05
1.67e-05
1.7e-05
1.71e-05
1.69e-05
2.6e-05
1.7e-05
1.69e-05
1.71e-05
1.72e-05
3.32e-05
2.11e-05
2.25e-05
1.7e-05
1.73e-05
1.71e-05
1.7e-05
1.74e-05
1.68e-05
1.69e-05
1.69e-05
2.11e-05
1.7e-05
1.68e-05
1.7e-05
1.69e-05
2.22e-05
1.69e-05
1.7e-05
1.71e-05
1.69e-05
1.68e-05
1.68e-05
1.7e-05
1.69e-05
1.69e-05
1.7e-05
1.69e-05
1.73e-05
1.68e-05
1.68e-05
2.02e-05
1.68e-05
1.69e-05
1.69e-05
1.69e-05
1.72e-05
1.7e-05
1.68e-05
1.67e-05
1.69e-05
1.69e-05
1.69e-05
1.69e-05
1.69e-05
1.7e-05
1.69e-05
1.69e-05
1.7e-05
1.68e-05
1.72e-05
2.19e-05
1.72e-05
1.71e-05
1.68e-05
1.68e-05
1.7e-05
1.69e-05
1.7e-05
1.71e-05
1.64e-05
1.68e-05
1.69e-05
1.69e-05
1.69e-05
1.7e-05
1.69e-05
1.65e-05
1.71e-05
1.68e-05
1.68e-05
1.68e-05
1.7e-05
1.71e-05
1.71e-05
1.69e-05
1.69e-05
1.68e-05
1.74e-05
1.7e-05
1.68e-05
1.69e-05
1.72e-05
1.69e-05
1.71e-05
1.69e-05
1.69e-05
1.68e-05
1.68e-05
1.7e-05
1.71e-05
1.69e-05
1.7e-05
1.68e-05
1.67e-05
1.7e-05
1.7e-05
1.7e-05
1.68e-05
1.7e-05
1.72e-05
1.68e-05
1.7e-05
1.68e-05
1.67e-05
1.71e-05
1.67e-05
1.65e-05
1.68e-05
1.69e-05
1.69e-05
1.69e-05
1.71e-05
1.68e-05
1.69e-05
1.96e-05
2.4e-05
1.69e-05
1.71e-05
1.72e-05
1.71e-05
1.7e-05
1.7e-05
1.72e-05
1.69e-05
1.69e-05
2.07e-05
1.64e-05
1.66e-05
1.7e-05
1.69e-05
1.64e-05
1.67e-05
1.7e-05
1.68e-05
1.71e-05
1.73e-05
1.67e-05
1.69e-05
1.69e-05
1.68e-05
1.69e-05
1.67e-05
1.73e-05
1.7e-05
1.68e-05
1.69e-05
1.69e-05
1.68e-05
1.69e-05
1.69e-05
1.67e-05
1.68e-05
1.67e-05
1.68e-05
1.68e-05
1.7e-05
1.68e-05
1.66e-05
1.7e-05
1.69e-05
1.7e-05
1.69e-05
1.66e-05
1.69e-05
1.69e-05
1.68e-05
1.69e-05
1.69e-05
1.75e-05
2.28e-05
1.68e-05
1.7e-05
1.68e-05
1.68e-05
1.69e-05
1.69e-05
1.67e-05
1.69e-05
1.66e-05
1.68e-05
1.7e-05
1.68e-05
1.69e-05
1.68e-05
1.7e-05
2.3e-05
1.68e-05
1.68e-05
1.7e-05
1.67e-05
1.68e-05
1.71e-05
1.7e-05
1.68e-05
1.68e-05
1.69e-05
1.72e-05
2.54e-05
1.74e-05
1.71e-05
1.69e-05
1.71e-05
1.72e-05
1.7e-05
1.72e-05
1.91e-05
1.69e-05
1.69e-05
1.7e-05
1.7e-05
1.71e-05
1.69e-05
1.69e-05
1.69e-05
1.68e-05
1.69e-05
1.71e-05
1.99e-05
1.67e-05
1.77e-05
2.45e-05
1.68e-05
1.71e-05
1.74e-05
1.71e-05
1.78e-05
1.68e-05
1.67e-05
1.73e-05
1.71e-05
1.69e-05
1.68e-05
1.68e-05
1.68e-05
1.72e-05
1.68e-05
1.72e-05
1.69e-05
1.7e-05
1.74e-05
2.25e-05
1.68e-05
1.7e-05
1.69e-05
1.7e-05
1.73e-05
1.69e-05
1.7e-05
2.17e-05
1.73e-05
1.69e-05
1.73e-05
1.73e-05
1.7e-05
1.68e-05
1.68e-05
1.67e-05
1.71e-05
1.7e-05
1.7e-05
1.69e-05
1.68e-05
1.71e-05
1.72e-05
1.71e-05
1.69e-05
1.68e-05
1.69e-05
1.68e-05
1.68e-05
1.7e-05
1.7e-05
1.68e-05
1.69e-05
1.72e-05
1.68e-05
1.72e-05
1.69e-05
1.71e-05
1.69e-05
1.68e-05
1.69e-05
1.69e-05
2.04e-05
1.68e-05
1.68e-05
1.67e-05
2.03e-05
1.7e-05
1.69e-05
1.68e-05
1.72e-05
1.68e-05
1.7e-05
1.71e-05
1.72e-05
1.72e-05
1.7e-05
1.68e-05
1.73e-05
1.69e-05
1.7e-05
1.7e-05
1.69e-05
1.71e-05
1.78e-05
1.68e-05
1.7e-05
1.72e-05
1.68e-05
1.73e-05
1.68e-05
1.69e-05
1.71e-05
1.72e-05
1.68e-05
2.48e-05
1.65e-05
1.7e-05
1.71e-05
1.68e-05
1.71e-05
1.69e-05
1.73e-05
1.69e-05
2.29e-05
1.7e-05
1.73e-05
1.65e-05
1.64e-05
1.69e-05
1.69e-05
1.69e-05
1.66e-05
1.68e-05
1.71e-05
1.69e-05
1.68e-05
1.7e-05
1.75e-05
1.68e-05
1.69e-05
1.87e-05
1.71e-05
1.74e-05
1.69e-05
1.72e-05
1.68e-05
1.69e-05
2.04e-05
1.69e-05
1.73e-05
1.7e-05
1.69e-05
1.72e-05
1.69e-05
1.69e-05
1.68e-05
1.68e-05
1.68e-05
2.25e-05
1.72e-05
1.67e-05
2.24e-05
1.68e-05
1.69e-05
1.73e-05
1.68e-05
1.69e-05
1.69e-05
1.69e-05
1.68e-05
1.68e-05
1.67e-05
3.13e-05
1.7e-05
1.69e-05
1.69e-05
1.7e-05
1.7e-05
1.69e-05
1.7e-05
1.69e-05
1.69e-05
1.68e-05
1.85e-05
1.71e-05
1.7e-05
1.65e-05
1.69e-05
1.76e-05
1.87e-05
1.73e-05
1.71e-05
1.7e-05
1.68e-05
1.68e-05
1.71e-05
1.69e-05
1.7e-05
1.67e-05
1.71e-05
1.7e-05
1.74e-05
1.69e-05
1.7e-05
1.73e-05
1.68e-05
1.69e-05
1.69e-05
1.69e-05
1.68e-05
2.3e-05
1.74e-05
1.66e-05
1.69e-05
1.67e-05
1.68e-05
1.68e-05
1.69e-05
1.69e-05
1.69e-05
1.68e-05
1.68e-05
1.68e-05
1.69e-05
1.67e-05
1.7e-05
1.67e-05
1.69e-05
1.68e-05
1.69e-05
1.7e-05
1.71e-05
1.68e-05
1.71e-05
1.69e-05
1.71e-05
1.67e-05
1.67e-05
2.16e-05
1.7e-05
2.21e-05
1.69e-05
1.64e-05
1.66e-05
1.74e-05
1.76e-05
1.69e-05
1.95e-05
1.69e-05
1.66e-05
1.75e-05
1.69e-05
1.7e-05
1.68e-05
1.68e-05
1.72e-05
1.68e-05
2.25e-05
1.69e-05
1.71e-05
1.7e-05
1.69e-05
1.68e-05
1.7e-05
1.68e-05
1.68e-05
1.7e-05
1.99e-05
1.69e-05
1.68e-05
1.71e-05
1.69e-05
1.68e-05
1.69e-05
1.68e-05
1.71e-05
2.02e-05
2.39e-05
2.39e-05
2.22e-05
1.71e-05
1.68e-05
1.68e-05
1.71e-05
1.7e-05
1.66e-05
1.7e-05
3.67e-05
1.7e-05
1.67e-05
1.67e-05
1.68e-05
1.68e-05
1.68e-05
2.25e-05
1.69e-05
1.71e-05
1.68e-05
1.91e-05
1.71e-05
1.69e-05
1.7e-05
1.82e-05
1.69e-05
1.72e-05
1.69e-05
1.73e-05
1.69e-05
1.7e-05
1.72e-05
1.71e-05
1.69e-05
1.73e-05
1.72e-05
1.69e-05
1.7e-05
1.7e-05
1.69e-05
1.7e-05
1.68e-05
1.66e-05
1.69e-05
1.68e-05
1.96e-05
1.69e-05
2.29e-05
1.7e-05
1.69e-05
1.71e-05
1.72e-05
1.7e-05
1.71e-05
1.68e-05
1.69e-05
1.65e-05
1.66e-05
1.67e-05
1.74e-05
1.75e-05
1.68e-05
1.68e-05
1.72e-05
1.68e-05
1.67e-05
1.69e-05
1.68e-05
1.71e-05
1.7e-05
2.58e-05
1.68e-05
1.69e-05
1.69e-05
1.69e-05
1.73e-05
1.69e-05
1.69e-05
1.7e-05
1.7e-05
1.68e-05
1.69e-05
1.75e-05
1.71e-05
1.71e-05
1.69e-05
1.7e-05
1.68e-05
1.67e-05
1.72e-05
2.27e-05
1.67e-05
1.68e-05
1.68e-05
1.68e-05
1.68e-05
1.68e-05
1.7e-05
1.73e-05
1.69e-05
1.68e-05
2.93e-05
1.74e-05
1.71e-05
1.72e-05
1.68e-05
1.7e-05
1.68e-05
1.68e-05
1.69e-05
1.69e-05
1.68e-05
1.68e-05
1.7e-05
1.69e-05
1.72e-05
1.71e-05
1.71e-05
1.68e-05
1.73e-05
1.67e-05
1.71e-05
1.69e-05
1.69e-05
1.72e-05
1.69e-05
1.68e-05
1.69e-05
1.69e-05
1.68e-05
1.7e-05
1.69e-05
1.68e-05
1.64e-05
1.64e-05
1.74e-05
1.7e-05
1.68e-05
1.68e-05
1.68e-05
1.7e-05
1.7e-05
1.72e-05
1.7e-05
1.73e-05
1.72e-05
1.81e-05
1.7e-05
2.49e-05
1.69e-05
1.72e-05
1.68e-05
1.68e-05
1.71e-05
1.69e-05
1.72e-05
1.69e-05
1.68e-05
1.68e-05
1.74e-05
1.68e-05
1.7e-05
1.75e-05
1.68e-05
1.72e-05
1.69e-05
1.71e-05
1.69e-05
1.68e-05
1.71e-05
1.99e-05
1.68e-05
1.7e-05
1.69e-05
1.68e-05
1.68e-05
1.69e-05
1.7e-05
1.71e-05
1.71e-05
1.68e-05
1.7e-05
1.68e-05
1.69e-05
1.66e-05
1.68e-05
1.7e-05
1.68e-05
1.71e-05
1.68e-05
1.69e-05
1.7e-05
2.2e-05
1.68e-05
1.73e-05
1.69e-05
1.7e-05
1.7e-05
1.69e-05
1.69e-05
1.74e-05
1.69e-05
2.44e-05
1.68e-05
1.68e-05
1.72e-05
1.7e-05
1.7e-05
1.71e-05
1.72e-05
1.69e-05
1.7e-05
1.73e-05
1.68e-05
1.71e-05
1.68e-05
1.68e-05
1.69e-05
1.72e-05
1.75e-05
1.68e-05
1.75e-05
1.68e-05
1.74e-05
1.7e-05
2.27e-05
0.0001636
1.68e-05
1.68e-05
1.71e-05
1.69e-05
1.7e-05
1.69e-05
1.69e-05
2.86e-05
1.71e-05
1.69e-05
1.72e-05
1.71e-05
1.68e-05
1.8e-05
1.7e-05
1.68e-05
1.69e-05
1.69e-05
1.69e-05
1.71e-05
1.69e-05
1.7e-05
1.7e-05
1.68e-05
1.68e-05
1.71e-05
1.67e-05
1.7e-05
1.73e-05
1.7e-05
1.69e-05
1.68e-05
1.64e-05
1.64e-05
1.73e-05
1.7e-05
1.67e-05
1.67e-05
1.68e-05
1.71e-05
1.68e-05
1.66e-05
1.67e-05
1.67e-05
1.69e-05
1.68e-05
1.69e-05
1.7e-05
1.71e-05
1.69e-05
1.69e-05
1.7e-05
1.67e-05
1.69e-05
1.69e-05
1.68e-05
1.69e-05
1.7e-05
1.68e-05
1.71e-05
1.71e-05
1.72e-05
1.68e-05
1.68e-05
2.12e-05
1.7e-05
1.71e-05
1.73e-05
1.7e-05
1.93e-05
1.67e-05
1.67e-05
1.71e-05
1.67e-05
1.81e-05
1.68e-05
1.71e-05
1.72e-05
1.69e-05
5e-05
1.89e-05
1.69e-05
1.7e-05
1.71e-05
2.25e-05
1.68e-05
1.68e-05
1.68e-05
1.72e-05
1.69e-05
2.02e-05
1.68e-05
1.72e-05
1.73e-05
1.67e-05
1.68e-05
1.71e-05
1.69e-05
1.7e-05
1.69e-05
1.68e-05
1.68e-05
2.12e-05
1.67e-05
1.69e-05
1.73e-05
1.69e-05
1.7e-05
1.7e-05
1.86e-05
1.69e-05
1.68e-05
1.68e-05
1.99e-05
1.68e-05
1.71e-05
1.68e-05
1.65e-05
8.99e-05
1.68e-05
1.68e-05
1.72e-05
2.14e-05
1.68e-05
1.72e-05
1.76e-05
1.68e-05
1.7e-05
1.7e-05
1.69e-05
1.7e-05
1.68e-05
1.7e-05
1.7e-05
1.8e-05
1.72e-05
1.72e-05
1.7e-05
1.69e-05
1.69e-05
1.7e-05
1.69e-05
1.69e-05
1.69e-05
4.86e-05
1.69e-05
1.68e-05
1.71e-05
1.7e-05
1.69e-05
2.31e-05
1.73e-05
1.75e-05
1.68e-05
2e-05
1.73e-05
1.72e-05
1.68e-05
1.69e-05
1.71e-05
1.69e-05
1.69e-05
2.19e-05
1.7e-05
1.67e-05
1.7e-05
1.72e-05
1.69e-05
1.68e-05
1.69e-05
1.7e-05
1.71e-05
1.69e-05
1.71e-05
1.71e-05
1.72e-05
1.71e-05
1.71e-05
2.25e-05
1.69e-05
1.7e-05
2.08e-05
1.74e-05
2.02e-05
1.71e-05
1.69e-05
1.7e-05
1.68e-05
1.64e-05
1.68e-05
1.7e-05
1.64e-05
1.63e-05
1.7e-05
1.7e-05
1.71e-05
1.68e-05
1.7e-05
1.69e-05
1.7e-05
1.7e-05
1.69e-05
1.69e-05
1.66e-05
1.69e-05
1.72e-05
1.68e-05
1.73e-05
1.71e-05
1.71e-05
1.68e-05
1.66e-05
2.21e-05
1.68e-05
1.71e-05
1.72e-05
1.69e-05
1.78e-05
1.73e-05
1.68e-05
1.7e-05
1.69e-05
1.67e-05
1.66e-05
1.72e-05
1.7e-05
1.68e-05
1.68e-05
1.71e-05
1.7e-05
1.69e-05
3.33e-05
1.65e-05
1.66e-05
1.71e-05
1.7e-05
1.7e-05
1.67e-05
1.68e-05
1.72e-05
1.78e-05
1.72e-05
1.68e-05
1.75e-05
1.68e-05
1.69e-05
1.68e-05
1.7e-05
1.74e-05
1.71e-05
1.87e-05
1.68e-05
1.69e-05
1.64e-05
1.65e-05
1.71e-05
1.71e-05
1.73e-05
1.71e-05
2.19e-05
1.67e-05
1.71e-05
1.68e-05
1.69e-05
1.74e-05
1.68e-05
1.66e-05
1.67e-05
1.69e-05
1.65e-05
1.64e-05
1.72e-05
1.69e-05
1.68e-05
1.7e-05
1.87e-05
1.73e-05
1.7e-05
1.69e-05
1.7e-05
1.69e-05
1.69e-05
1.68e-05
1.68e-05
1.67e-05
1.67e-05
1.73e-05
1.7e-05
1.73e-05
4.24e-05
1.73e-05
1.69e-05
1.68e-05
1.68e-05
1.68e-05
1.69e-05
1.73e-05
1.69e-05
1.69e-05
1.7e-05
2.03e-05
1.68e-05
1.7e-05
1.69e-05
1.8e-05
1.69e-05
1.68e-05
3.11e-05
1.7e-05
1.69e-05
1.69e-05
1.68e-05
1.75e-05
1.73e-05
1.71e-05
1.7e-05
2.12e-05
1.7e-05
1.68e-05
1.68e-05
1.71e-05
1.68e-05
1.68e-05
1.69e-05
1.68e-05
1.7e-05
1.69e-05
1.71e-05
1.68e-05
1.74e-05
1.69e-05
1.69e-05
1.73e-05
1.72e-05
1.71e-05
1.71e-05
1.71e-05
1.7e-05
1.72e-05
2.25e-05
1.69e-05
1.67e-05
3.36e-05
1.73e-05
1.69e-05
1.75e-05
1.68e-05
1.68e-05
1.71e-05
1.69e-05
1.68e-05
1.69e-05
1.7e-05
1.67e-05
1.69e-05
1.72e-05
1.68e-05
1.71e-05
1.72e-05
1.7e-05
1.7e-05
1.67e-05
1.7e-05
1.68e-05
1.69e-05
1.69e-05
1.7e-05
1.74e-05
1.7e-05
1.7e-05
1.68e-05
1.68e-05
1.69e-05
1.67e-05
1.7e-05
1.72e-05
1.68e-05
1.81e-05
1.69e-05
1.72e-05
1.77e-05
1.71e-05
1.68e-05
1.7e-05
1.71e-05
1.69e-05
1.72e-05
1.7e-05
1.69e-05
1.66e-05
1.69e-05
1.69e-05
1.71e-05
1.73e-05
1.73e-05
1.67e-05
1.81e-05
1.66e-05
1.7e-05
1.68e-05
1.71e-05
3.76e-05
1.69e-05
1.74e-05
1.69e-05
1.68e-05
1.68e-05
1.68e-05
1.72e-05
1.68e-05
1.89e-05
1.69e-05
1.7e-05
1.73e-05
1.69e-05
1.7e-05
3.37e-05
1.67e-05
1.7e-05
1.71e-05
1.71e-05
1.68e-05
1.66e-05
1.66e-05
1.7e-05
1.67e-05
1.7e-05
1.69e-05
1.73e-05
1.75e-05
1.69e-05
1.72e-05
1.84e-05
1.71e-05
1.68e-05
1.7e-05
1.69e-05
1.69e-05
1.77e-05
1.7e-05
1.72e-05
9.62e-05
1.66e-05
1.85e-05
1.67e-05
1.7e-05
1.67e-05
1.69e-05
1.67e-05
1.7e-05
1.72e-05
1.72e-05
1.69e-05
1.71e-05
1.69e-05
2.25e-05
2.02e-05
1.69e-05
1.72e-05
1.68e-05
1.7e-05
1.68e-05
1.68e-05
1.68e-05
1.68e-05
1.7e-05
1.7e-05
1.68e-05
2.18e-05
1.68e-05
1.74e-05
1.69e-05
1.92e-05
1.69e-05
1.68e-05
1.69e-05
1.71e-05
1.69e-05
1.69e-05
1.72e-05
1.73e-05
1.87e-05
1.68e-05
1.69e-05
1.93e-05
1.69e-05
1.71e-05
1.69e-05
1.71e-05
1.69e-05
1.69e-05
1.67e-05
2.09e-05
1.68e-05
1.69e-05
1.88e-05
1.68e-05
1.69e-05
1.66e-05
1.68e-05
1.76e-05
1.69e-05
1.7e-05
1.69e-05
1.69e-05
1.66e-05
1.68e-05
1.68e-05
2.14e-05
1.72e-05
1.71e-05
1.71e-05
1.72e-05
1.73e-05
1.7e-05
1.69e-05
1.72e-05
1.73e-05
3.3e-05
1.72e-05
1.7e-05
1.69e-05
1.71e-05
1.92e-05
1.88e-05
1.71e-05
1.7e-05
1.68e-05
1.72e-05
1.88e-05
1.69e-05
1.69e-05
1.68e-05
1.68e-05
1.72e-05
2.29e-05
1.67e-05
1.72e-05
1.74e-05
1.7e-05
1.74e-05
1.68e-05
1.7e-05
2.24e-05
1.69e-05
1.69e-05
1.7e-05
1.69e-05
1.69e-05
1.68e-05
1.72e-05
1.68e-05
1.68e-05
1.72e-05
1.68e-05
1.88e-05
1.7e-05
1.7e-05
1.7e-05
1.69e-05
1.7e-05
1.69e-05
1.69e-05
1.72e-05
1.7e-05
1.73e-05
1.67e-05
1.7e-05
1.74e-05
1.69e-05
1.71e-05
2.26e-05
1.71e-05
1.69e-05
1.68e-05
1.69e-05
1.7e-05
2.15e-05
1.97e-05
1.74e-05
1.68e-05
1.69e-05
1.71e-05
1.7e-05
1.68e-05
1.68e-05
1.69e-05
1.7e-05
1.68e-05
1.69e-05
1.67e-05
1.72e-05
1.7e-05
1.67e-05
1.67e-05
1.7e-05
1.66e-05
1.7e-05
1.72e-05
1.67e-05
1.7e-05
2.31e-05
1.7e-05
1.69e-05
1.71e-05
1.71e-05
1.68e-05
1.68e-05
1.7e-05
1.69e-05
2.21e-05
1.69e-05
1.67e-05
1.84e-05
1.7e-05
1.74e-05
1.68e-05
1.69e-05
1.68e-05
1.7e-05
1.73e-05
1.68e-05
1.7e-05
1.69e-05
2.2e-05
1.7e-05
1.72e-05
1.7e-05
1.65e-05
1.71e-05
1.86e-05
1.74e-05
1.68e-05
1.67e-05
1.72e-05
1.65e-05
1.72e-05
1.72e-05
1.7e-05
1.91e-05
1.69e-05
1.7e-05
1.7e-05
1.69e-05
1.68e-05
1.69e-05
1.69e-05
1.68e-05
1.7e-05
1.68e-05
1.68e-05
1.67e-05
1.71e-05
1.74e-05
1.7e-05
1.68e-05
1.69e-05
1.68e-05
1.67e-05
1.7e-05
1.69e-05
1.7e-05
1.92e-05
1.71e-05
1.69e-05
1.71e-05
1.69e-05
1.7e-05
1.71e-05
2.32e-05
2.22e-05
1.69e-05
1.69e-05
1.92e-05
2.14e-05
1.68e-05
1.66e-05
1.7e-05
1.67e-05
1.69e-05
1.69e-05
1.7e-05
1.69e-05
1.7e-05
1.69e-05
1.73e-05
1.69e-05
1.7e-05
1.7e-05
1.96e-05
1.69e-05
1.67e-05
1.71e-05
1.65e-05
1.74e-05
1.71e-05
1.91e-05
1.81e-05
1.68e-05
1.69e-05
1.68e-05
1.67e-05
1.69e-05
1.7e-05
1.7e-05
1.68e-05
1.68e-05
1.69e-05
1.72e-05
1.68e-05
1.7e-05
1.68e-05
1.68e-05
1.67e-05
1.7e-05
1.72e-05
1.68e-05
1.71e-05
1.67e-05
1.68e-05
1.68e-05
1.69e-05
2.2e-05
6.65e-05
1.65e-05
1.71e-05
1.69e-05
1.69e-05
2.17e-05
1.73e-05
1.7e-05
1.7e-05
1.68e-05
1.68e-05
1.71e-05
1.68e-05
3.5e-05
1.7e-05
1.7e-05
1.66e-05
1.74e-05
2.14e-05
1.75e-05
1.68e-05
2.73e-05
1.68e-05
1.72e-05
1.69e-05
9.62e-05
1.68e-05
1.7e-05
1.69e-05
1.69e-05
1.7e-05
2.1e-05
1.72e-05
1.72e-05
2.07e-05
1.75e-05
1.69e-05
1.7e-05
1.7e-05
2.23e-05
1.7e-05
1.7e-05
1.69e-05
2.64e-05
1.67e-05
1.7e-05
2.24e-05
1.67e-05
1.69e-05
1.69e-05
1.66e-05
1.91e-05
1.66e-05
1.7e-05
1.67e-05
1.67e-05
1.67e-05
1.68e-05
1.83e-05
1.89e-05
1.65e-05
1.71e-05
1.76e-05
2.11e-05
1.67e-05
1.7e-05
1.72e-05
1.7e-05
1.69e-05
1.68e-05
1.69e-05
1.73e-05
1.72e-05
1.7e-05
1.72e-05
1.69e-05
1.7e-05
1.68e-05
1.7e-05
1.71e-05
1.69e-05
2.03e-05
2.07e-05
4.34e-05
1.69e-05
1.67e-05
1.72e-05
1.7e-05
1.72e-05
1.73e-05
1.68e-05
1.69e-05
1.7e-05
1.69e-05
1.68e-05
1.78e-05
1.71e-05
1.68e-05
2.06e-05
1.71e-05
1.69e-05
1.96e-05
1.69e-05
1.69e-05
1.71e-05
1.71e-05
1.73e-05
1.9e-05
2.26e-05
1.71e-05
1.67e-05
2.32e-05
1.71e-05
1.7e-05
1.69e-05
1.69e-05
1.72e-05
1.72e-05
1.7e-05
1.69e-05
2.23e-05
2.82e-05
1.67e-05
1.67e-05
1.76e-05
1.7e-05
1.7e-05
1.71e-05
1.7e-05
1.73e-05
1.68e-05
1.71e-05
1.72e-05
1.71e-05
1.69e-05
2.36e-05
1.68e-05
1.75e-05
1.71e-05
1.91e-05
1.73e-05
1.73e-05
1.73e-05
1.69e-05
1.72e-05
1.74e-05
2.06e-05
1.69e-05
1.7e-05
1.92e-05
1.71e-05
3.55e-05
1.68e-05
1.69e-05
1.89e-05
1.78e-05
1.7e-05
1.73e-05
1.69e-05
1.69e-05
1.7e-05
1.72e-05
1.67e-05
1.69e-05
1.69e-05
1.68e-05
1.7e-05
1.68e-05
1.68e-05
1.68e-05
1.66e-05
1.69e-05
1.69e-05
1.71e-05
1.7e-05
1.68e-05
1.68e-05
1.71e-05
1.69e-05
1.72e-05
1.69e-05
1.72e-05
1.71e-05
1.7e-05
1.73e-05
1.7e-05
1.66e-05
1.69e-05
1.92e-05
1.69e-05
1.68e-05
1.7e-05
1.7e-05
3.82e-05
1.72e-05
1.71e-05
1.69e-05
1.71e-05
1.69e-05
1.7e-05
1.69e-05
1.78e-05
1.69e-05
1.69e-05
1.68e-05
1.68e-05
1.69e-05
1.73e-05
1.69e-05
1.71e-05
1.68e-05
1.69e-05
1.7e-05
1.99e-05
1.69e-05
1.68e-05
1.72e-05
1.69e-05
1.68e-05
1.69e-05
1.69e-05
1.69e-05
1.69e-05
1.69e-05
4.58e-05
5.72e-05
1.67e-05
1.7e-05
1.69e-05
1.68e-05
1.7e-05
1.69e-05
1.68e-05
1.7e-05
1.69e-05
1.69e-05
1.74e-05
1.71e-05
2.68e-05
1.69e-05
1.71e-05
1.71e-05
1.7e-05
1.67e-05
1.68e-05
1.67e-05
1.66e-05
1.81e-05
1.67e-05
1.69e-05
1.64e-05
2.11e-05
1.7e-05
1.72e-05
1.71e-05
2.15e-05
1.7e-05
1.68e-05
1.68e-05
1.7e-05
1.68e-05
1.69e-05
1.69e-05
1.71e-05
1.68e-05
1.69e-05
1.72e-05
1.67e-05
1.69e-05
1.71e-05
1.69e-05
1.67e-05
1.71e-05
1.71e-05
2.64e-05
1.73e-05
1.67e-05
1.69e-05
1.77e-05
1.68e-05
1.71e-05
1.68e-05
1.71e-05
1.7e-05
1.7e-05
1.68e-05
1.7e-05
1.83e-05
1.69e-05
1.72e-05
1.69e-05
1.69e-05
1.68e-05
1.7e-05
1.7e-05
1.68e-05
1.69e-05
1.69e-05
1.69e-05
1.69e-05
1.68e-05
2.25e-05
1.7e-05
1.69e-05
3.48e-05
1.67e-05
1.69e-05
1.64e-05
2.02e-05
1.7e-05
1.67e-05
1.71e-05
3.04e-05
1.68e-05
1.69e-05
1.7e-05
1.7e-05
1.68e-05
1.68e-05
1.68e-05
1.68e-05
1.73e-05
1.68e-05
1.64e-05
1.63e-05
1.68e-05
1.69e-05
1.72e-05
1.7e-05
1.68e-05
1.75e-05
1.67e-05
1.7e-05
1.72e-05
1.7e-05
1.64e-05
1.8e-05
1.7e-05
1.69e-05
1.71e-05
4.54e-05
1.68e-05
1.68e-05
1.7e-05
1.7e-05
1.68e-05
1.72e-05
1.71e-05
1.7e-05
1.79e-05
1.71e-05
1.71e-05
1.73e-05
3.05e-05
1.71e-05
1.7e-05
1.71e-05
1.71e-05
1.69e-05
1.68e-05
1.69e-05
1.7e-05
1.72e-05
1.67e-05
1.69e-05
1.68e-05
1.68e-05
2.27e-05
1.68e-05
1.73e-05
1.7e-05
1.69e-05
1.68e-05
1.66e-05
1.68e-05
1.7e-05
1.73e-05
1.71e-05
1.68e-05
1.69e-05
1.7e-05
1.69e-05
1.68e-05
1.7e-05
1.72e-05
1.64e-05
1.65e-05
1.7e-05
1.68e-05
1.68e-05
1.68e-05
1.67e-05
1.71e-05
1.69e-05
1.68e-05
1.69e-05
2.29e-05
1.7e-05
1.69e-05
1.72e-05
1.68e-05
1.69e-05
1.69e-05
1.73e-05
1.73e-05
1.68e-05
1.7e-05
1.66e-05
1.69e-05
1.71e-05
1.73e-05
1.67e-05
1.72e-05
1.69e-05
1.69e-05
1.77e-05
1.7e-05
1.93e-05
1.66e-05
1.72e-05
1.99e-05
1.71e-05
1.7e-05
1.7e-05
1.69e-05
1.71e-05
1.68e-05
1.94e-05
1.69e-05
1.69e-05
1.9e-05
1.7e-05
1.72e-05
1.71e-05
1.7e-05
1.71e-05
1.67e-05
1.7e-05
1.69e-05
1.68e-05
1.7e-05
1.69e-05
1.68e-05
1.72e-05
3.38e-05
1.69e-05
1.68e-05
1.7e-05
1.7e-05
1.69e-05
1.73e-05
1.79e-05
1.71e-05
1.7e-05
1.68e-05
1.72e-05
1.68e-05
1.68e-05
1.72e-05
1.72e-05
1.68e-05
1.69e-05
1.71e-05
1.69e-05
1.69e-05
1.69e-05
1.7e-05
1.69e-05
1.71e-05
1.69e-05
1.69e-05
1.72e-05
1.73e-05
1.72e-05
1.73e-05
1.7e-05
1.68e-05
1.69e-05
1.72e-05
1.7e-05
1.73e-05
1.7e-05
2.54e-05
1.7e-05
1.7e-05
1.68e-05
1.69e-05
1.65e-05
1.65e-05
1.68e-05
1.68e-05
1.68e-05
1.71e-05
1.74e-05
1.71e-05
1.71e-05
1.71e-05
1.68e-05
1.69e-05
1.69e-05
1.72e-05
1.65e-05
1.7e-05
0.0001249
1.75e-05
1.66e-05
1.67e-05
1.7e-05
1.7e-05
1.72e-05
1.72e-05
1.68e-05
1.68e-05
1.68e-05
1.72e-05
1.73e-05
1.63e-05
1.65e-05
1.7e-05
2.29e-05
1.78e-05
1.7e-05
1.71e-05
1.67e-05
1.68e-05
1.7e-05
1.68e-05
1.68e-05
1.79e-05
1.74e-05
1.69e-05
1.74e-05
1.69e-05
1.69e-05
2.22e-05
1.67e-05
1.68e-05
1.75e-05
1.68e-05
1.71e-05
1.71e-05
1.87e-05
1.73e-05
1.69e-05
1.68e-05
1.68e-05
1.69e-05
1.7e-05
1.69e-05
3.47e-05
1.69e-05
1.71e-05
1.69e-05
1.71e-05
1.69e-05
1.73e-05
1.68e-05
6.29e-05
1.65e-05
1.63e-05
1.67e-05
1.68e-05
1.68e-05
1.72e-05
2.41e-05
1.74e-05
2.06e-05
1.68e-05
1.79e-05
1.72e-05
2.06e-05
1.71e-05
1.67e-05
1.68e-05
1.67e-05
4.38e-05
1.72e-05
1.7e-05
1.68e-05
1.68e-05
1.68e-05
1.67e-05
1.71e-05
1.71e-05
1.7e-05
1.66e-05
1.7e-05
1.7e-05
1.69e-05
1.69e-05
1.69e-05
3.11e-05
1.68e-05
1.68e-05
1.68e-05
1.67e-05
1.68e-05
1.7e-05
1.69e-05
1.72e-05
3.32e-05
1.7e-05
1.67e-05
1.69e-05
1.69e-05
1.72e-05
1.7e-05
1.72e-05
1.67e-05
1.69e-05
1.71e-05
1.69e-05
1.69e-05
1.69e-05
1.7e-05
1.71e-05
1.93e-05
1.7e-05
1.71e-05
1.68e-05
1.69e-05
1.69e-05
1.66e-05
1.69e-05
1.7e-05
1.68e-05
1.69e-05
1.69e-05
1.69e-05
1.68e-05
1.67e-05
1.74e-05
2.3e-05
1.71e-05
1.69e-05
2.34e-05
1.71e-05
1.7e-05
2.14e-05
1.69e-05
1.68e-05
1.69e-05
1.68e-05
1.67e-05
1.69e-05
1.74e-05
1.68e-05
1.74e-05
1.72e-05
1.71e-05
1.68e-05
1.68e-05
1.68e-05
2.25e-05
1.72e-05
1.68e-05
1.67e-05
1.7e-05
1.69e-05
1.68e-05
1.66e-05
1.65e-05
1.7e-05
1.85e-05
1.7e-05
1.84e-05
1.72e-05
1.69e-05
1.68e-05
1.71e-05
1.75e-05
2e-05
1.66e-05
1.74e-05
1.7e-05
1.68e-05
1.68e-05
1.71e-05
1.71e-05
3.32e-05
1.71e-05
1.75e-05
1.7e-05
1.69e-05
2.84e-05
1.69e-05
1.73e-05
1.7e-05
1.7e-05
2.59e-05
1.68e-05
2.23e-05
1.72e-05
1.7e-05
1.69e-05
1.69e-05
1.7e-05
1.73e-05
1.68e-05
1.69e-05
1.69e-05
1.68e-05
1.78e-05
1.69e-05
1.68e-05
2.33e-05
1.69e-05
1.72e-05
1.68e-05
1.71e-05
1.68e-05
1.7e-05
1.69e-05
1.67e-05
1.71e-05
1.7e-05
1.71e-05
1.72e-05
2.29e-05
1.68e-05
1.7e-05
1.68e-05
1.7e-05
1.7e-05
1.71e-05
1.67e-05
1.69e-05
1.74e-05
1.69e-05
1.7e-05
1.68e-05
1.69e-05
1.7e-05
1.73e-05
1.7e-05
1.79e-05
1.69e-05
1.68e-05
1.68e-05
1.71e-05
1.79e-05
1.69e-05
2e-05
2.37e-05
1.68e-05
1.68e-05
1.68e-05
1.7e-05
1.69e-05
1.69e-05
1.72e-05
1.68e-05
1.67e-05
1.71e-05
1.67e-05
1.69e-05
1.68e-05
1.71e-05
1.68e-05
1.68e-05
1.67e-05
1.73e-05
1.69e-05
1.67e-05
1.7e-05
1.69e-05
1.71e-05
1.69e-05
1.68e-05
1.68e-05
1.68e-05
1.75e-05
1.66e-05
1.69e-05
1.68e-05
1.69e-05
1.69e-05
1.67e-05
1.66e-05
1.68e-05
1.7e-05
1.7e-05
1.67e-05
1.68e-05
1.67e-05
1.69e-05
1.68e-05
1.73e-05
1.69e-05
1.7e-05
1.68e-05
1.71e-05
1.72e-05
1.67e-05
1.72e-05
1.7e-05
1.7e-05
1.71e-05
1.75e-05
1.7e-05
1.7e-05
1.67e-05
2.28e-05
1.68e-05
3.74e-05
1.68e-05
1.72e-05
1.69e-05
2.43e-05
1.67e-05
1.78e-05
1.94e-05
1.77e-05
2.05e-05
1.69e-05
1.69e-05
1.74e-05
1.72e-05
4.69e-05
1.69e-05
1.68e-05
1.73e-05
1.69e-05
1.71e-05
1.72e-05
1.69e-05
1.68e-05
1.7e-05
1.69e-05
1.89e-05
1.7e-05
1.69e-05
1.69e-05
4.33e-05
1.69e-05
1.71e-05
1.7e-05
1.68e-05
1.68e-05
1.69e-05
1.67e-05
1.68e-05
1.68e-05
2.08e-05
1.94e-05
1.69e-05
1.68e-05
1.72e-05
1.7e-05
1.68e-05
1.68e-05
1.9e-05
1.68e-05
1.7e-05
2.09e-05
1.69e-05
1.68e-05
1.7e-05
1.69e-05
1.69e-05
1.68e-05
1.68e-05
1.67e-05
1.69e-05
1.71e-05
1.7e-05
1.7e-05
1.7e-05
1.71e-05
1.67e-05
1.71e-05
1.67e-05
1.71e-05
1.69e-05
1.71e-05
1.68e-05
1.69e-05
1.71e-05
1.73e-05
1.64e-05
2.24e-05
1.68e-05
1.68e-05
1.69e-05
1.68e-05
1.68e-05
1.68e-05
2.21e-05
1.73e-05
1.68e-05
1.7e-05
1.69e-05
1.71e-05
1.68e-05
1.68e-05
1.68e-05
1.71e-05
1.89e-05
1.7e-05
1.65e-05
1.63e-05
1.68e-05
1.69e-05
1.69e-05
1.7e-05
1.72e-05
1.69e-05
1.7e-05
1.69e-05
1.73e-05
1.72e-05
1.69e-05
1.71e-05
1.74e-05
1.83e-05
1.71e-05
1.69e-05
1.69e-05
1.7e-05
1.74e-05
1.69e-05
2.02e-05
1.73e-05
1.7e-05
1.65e-05
1.68e-05
1.69e-05
1.69e-05
1.66e-05
1.72e-05
1.72e-05
1.96e-05
1.69e-05
1.69e-05
1.65e-05
1.74e-05
1.7e-05
1.72e-05
1.72e-05
1.7e-05
1.72e-05
1.67e-05
4.37e-05
1.69e-05
1.74e-05
2.34e-05
1.71e-05
1.68e-05
1.68e-05
1.68e-05
1.7e-05
1.68e-05
1.7e-05
1.69e-05
1.69e-05
1.73e-05
1.68e-05
1.7e-05
1.7e-05
1.69e-05
1.69e-05
1.64e-05
4.13e-05
1.71e-05
1.68e-05
1.72e-05
1.73e-05
1.69e-05
1.69e-05
2.25e-05
1.69e-05
1.69e-05
1.69e-05
1.69e-05
1.73e-05
1.71e-05
6.19e-05
1.68e-05
1.69e-05
1.7e-05
1.7e-05
1.68e-05
1.7e-05
2.86e-05
1.68e-05
1.69e-05
1.73e-05
1.69e-05
1.68e-05
1.67e-05
1.69e-05
1.71e-05
2.13e-05
1.71e-05
1.7e-05
1.69e-05
1.68e-05
1.68e-05
1.71e-05
1.74e-05
1.69e-05
1.69e-05
1.7e-05
1.7e-05
1.72e-05
1.68e-05
1.68e-05
1.73e-05
1.77e-05
1.68e-05
1.7e-05
1.7e-05
1.68e-05
1.72e-05
1.72e-05
1.69e-05
1.74e-05
1.72e-05
1.69e-05
1.68e-05
2.28e-05
1.71e-05
1.74e-05
1.69e-05
1.76e-05
1.68e-05
1.76e-05
1.66e-05
1.64e-05
1.68e-05
1.68e-05
1.71e-05
1.7e-05
1.7e-05
1.67e-05
1.66e-05
1.71e-05
1.72e-05
1.69e-05
1.72e-05
1.69e-05
1.69e-05
1.71e-05
2.24e-05
1.69e-05
1.69e-05
1.71e-05
1.67e-05
1.68e-05
2.71e-05
1.69e-05
1.79e-05
2.27e-05
1.69e-05
1.69e-05
1.69e-05
1.72e-05
1.74e-05
2.55e-05
1.69e-05
1.71e-05
1.69e-05
1.71e-05
1.68e-05
1.68e-05
1.68e-05
1.7e-05
1.7e-05
1.68e-05
1.68e-05
1.68e-05
1.68e-05
1.96e-05
1.71e-05
1.69e-05
1.69e-05
1.71e-05
1.73e-05
2.88e-05
1.72e-05
1.69e-05
2.26e-05
1.69e-05
1.71e-05
1.68e-05
1.71e-05
1.69e-05
2.22e-05
1.69e-05
1.68e-05
1.67e-05
1.73e-05
1.66e-05
2.22e-05
1.69e-05
1.69e-05
1.69e-05
2.28e-05
1.68e-05
1.63e-05
4.39e-05
1.68e-05
1.71e-05
1.73e-05
1.68e-05
1.72e-05
1.7e-05
1.74e-05
1.66e-05
1.69e-05
1.69e-05
1.64e-05
1.63e-05
1.69e-05
1.68e-05
1.71e-05
1.71e-05
1.71e-05
2.26e-05
1.7e-05
2.2e-05
1.7e-05
1.67e-05
1.7e-05
1.73e-05
1.7e-05
1.72e-05
1.68e-05
1.72e-05
1.69e-05
1.69e-05
1.98e-05
1.69e-05
1.69e-05
1.69e-05
1.71e-05
1.67e-05
1.71e-05
1.74e-05
1.68e-05
1.68e-05
1.73e-05
1.66e-05
1.68e-05
1.69e-05
1.69e-05
1.71e-05
1.74e-05
1.72e-05
1.71e-05
1.7e-05
1.69e-05
1.68e-05
1.72e-05
1.69e-05
1.68e-05
1.72e-05
1.68e-05
1.88e-05
1.69e-05
1.7e-05
1.71e-05
1.68e-05
1.72e-05
1.69e-05
1.69e-05
1.69e-05
1.69e-05
1.69e-05
1.69e-05
1.69e-05
1.68e-05
1.69e-05
1.7e-05
1.7e-05
1.68e-05
1.68e-05
1.73e-05
1.69e-05
1.73e-05
1.68e-05
1.7e-05
1.68e-05
1.69e-05
1.67e-05
1.68e-05
1.68e-05
2.33e-05
1.74e-05
1.71e-05
1.71e-05
1.74e-05
1.72e-05
1.71e-05
1.71e-05
1.69e-05
1.76e-05
1.71e-05
1.7e-05
1.71e-05
1.76e-05
1.72e-05
1.71e-05
1.7e-05
1.69e-05
1.7e-05
1.69e-05
1.74e-05
1.68e-05
1.7e-05
1.7e-05
1.68e-05
1.72e-05
1.78e-05
1.69e-05
1.74e-05
1.69e-05
1.69e-05
1.75e-05
1.71e-05
1.73e-05
1.69e-05
1.7e-05
1.68e-05
1.68e-05
1.68e-05
1.69e-05
1.69e-05
1.68e-05
1.68e-05
1.69e-05
1.71e-05
1.69e-05
1.71e-05
1.73e-05
1.7e-05
1.71e-05
1.72e-05
1.69e-05
1.69e-05
1.72e-05
1.73e-05
2.05e-05
3.35e-05
1.72e-05
1.78e-05
1.69e-05
1.79e-05
1.7e-05
1.7e-05
1.68e-05
1.71e-05
1.69e-05
1.67e-05
1.68e-05
1.81e-05
1.68e-05
1.68e-05
1.69e-05
1.68e-05
1.69e-05
2.26e-05
1.69e-05
1.69e-05
1.69e-05
1.78e-05
1.69e-05
1.66e-05
1.7e-05
1.7e-05
1.67e-05
1.68e-05
1.69e-05
1.67e-05
1.75e-05
1.7e-05
1.74e-05
1.65e-05
1.95e-05
1.68e-05
1.69e-05
1.7e-05
1.67e-05
1.69e-05
1.68e-05
1.69e-05
1.7e-05
1.7e-05
1.69e-05
1.69e-05
1.69e-05
1.71e-05
1.68e-05
1.72e-05
1.72e-05
1.72e-05
2.47e-05
1.95e-05
1.69e-05
1.68e-05
1.69e-05
1.7e-05
1.69e-05
1.7e-05
1.81e-05
2.41e-05
1.66e-05
1.69e-05
1.72e-05
1.68e-05
1.69e-05
1.7e-05
1.71e-05
1.69e-05
1.7e-05
1.68e-05
1.7e-05
1.72e-05
2e-05
1.71e-05
1.66e-05
1.69e-05
1.71e-05
1.69e-05
1.69e-05
1.69e-05
2.24e-05
0.0001161
1.71e-05
1.72e-05
1.66e-05
1.7e-05
1.74e-05
1.7e-05
1.69e-05
1.69e-05
1.71e-05
1.69e-05
1.7e-05
1.69e-05
1.68e-05
1.7e-05
1.71e-05
1.7e-05
1.69e-05
1.69e-05
1.7e-05
1.73e-05
1.73e-05
1.73e-05
1.69e-05
1.69e-05
1.92e-05
1.69e-05
1.65e-05
1.64e-05
1.72e-05
1.68e-05
1.73e-05
1.72e-05
1.73e-05
1.7e-05
1.73e-05
1.72e-05
1.71e-05
1.71e-05
1.71e-05
1.69e-05
1.7e-05
1.72e-05
1.72e-05
1.67e-05
1.74e-05
1.68e-05
1.64e-05
1.65e-05
1.73e-05
1.7e-05
1.68e-05
1.71e-05
1.69e-05
1.72e-05
1.7e-05
1.98e-05
1.71e-05
1.73e-05
1.64e-05
1.66e-05
1.7e-05
1.68e-05
1.66e-05
1.72e-05
1.72e-05
1.71e-05
1.68e-05
1.69e-05
1.71e-05
1.67e-05
1.71e-05
1.68e-05
1.68e-05
1.69e-05
1.71e-05
1.74e-05
1.72e-05
1.71e-05
1.68e-05
1.74e-05
1.69e-05
1.7e-05
1.71e-05
2.15e-05
1.7e-05
1.71e-05
1.69e-05
1.7e-05
1.73e-05
1.69e-05
1.68e-05
1.69e-05
1.68e-05
1.7e-05
1.68e-05
1.7e-05
1.66e-05
1.65e-05
1.7e-05
1.73e-05
1.73e-05
1.7e-05
1.68e-05
1.69e-05
1.69e-05
1.67e-05
1.69e-05
2.11e-05
1.69e-05
1.7e-05
2.21e-05
1.68e-05
1.68e-05
1.69e-05
1.69e-05
1.67e-05
1.66e-05
1.68e-05
1.69e-05
1.7e-05
1.72e-05
1.73e-05
1.7e-05
1.69e-05
1.69e-05
1.69e-05
1.68e-05
1.72e-05
1.7e-05
1.69e-05
1.68e-05
1.69e-05
1.93e-05
1.69e-05
1.7e-05
1.69e-05
1.71e-05
1.74e-05
1.71e-05
2.29e-05
1.73e-05
1.71e-05
1.69e-05
1.72e-05
1.7e-05
1.67e-05
1.68e-05
2.25e-05
1.68e-05
1.7e-05
1.72e-05
1.69e-05
2.46e-05
1.69e-05
1.77e-05
2.25e-05
1.67e-05
1.7e-05
1.71e-05
1.69e-05
1.7e-05
1.7e-05
1.67e-05
1.67e-05
1.7e-05
1.69e-05
1.71e-05
1.71e-05
1.71e-05
1.74e-05
1.69e-05
1.68e-05
1.67e-05
1.72e-05
1.69e-05
1.72e-05
1.72e-05
1.71e-05
1.7e-05
1.7e-05
3.62e-05
1.74e-05
1.69e-05
1.69e-05
1.7e-05
3.28e-05
1.68e-05
1.67e-05
1.72e-05
1.76e-05
1.69e-05
1.68e-05
1.74e-05
1.69e-05
1.68e-05
1.72e-05
1.69e-05
4.08e-05
1.7e-05
1.71e-05
1.68e-05
1.68e-05
1.68e-05
1.68e-05
1.68e-05
2.21e-05
2.4e-05
1.99e-05
1.68e-05
1.7e-05
1.67e-05
2.28e-05
1.72e-05
1.7e-05
1.69e-05
1.68e-05
1.7e-05
4.14e-05
1.88e-05
2.1e-05
1.69e-05
1.69e-05
3.22e-05
1.72e-05
1.68e-05
1.68e-05
1.69e-05
1.72e-05
1.67e-05
1.69e-05
1.73e-05
1.74e-05
1.74e-05
1.71e-05
1.67e-05
1.69e-05
2.28e-05
2.38e-05
1.68e-05
1.69e-05
1.7e-05
1.68e-05
8.94e-05
1.67e-05
1.7e-05
1.73e-05
1.7e-05
2e-05
1.69e-05
1.72e-05
1.7e-05
1.72e-05
1.67e-05
1.69e-05
1.95e-05
1.77e-05
1.68e-05
1.7e-05
2.19e-05
1.68e-05
1.69e-05
1.7e-05
1.72e-05
2.13e-05
1.72e-05
1.69e-05
1.7e-05
1.69e-05
1.71e-05
1.71e-05
1.68e-05
1.7e-05
1.68e-05
1.7e-05
1.7e-05
1.69e-05
1.71e-05
1.68e-05
1.7e-05
1.62e-05
1.7e-05
1.77e-05
1.69e-05
2.24e-05
1.68e-05
2.69e-05
1.7e-05
1.68e-05
1.72e-05
1.68e-05
1.69e-05
1.69e-05
1.68e-05
1.71e-05
1.69e-05
1.68e-05
1.73e-05
1.71e-05
1.71e-05
1.68e-05
1.64e-05
1.65e-05
1.7e-05
1.76e-05
1.69e-05
1.75e-05
1.84e-05
1.69e-05
1.71e-05
1.94e-05
1.68e-05
1.67e-05
1.69e-05
1.73e-05
1.72e-05
1.7e-05
1.72e-05
1.7e-05
1.74e-05
1.69e-05
1.98e-05
1.68e-05
1.7e-05
1.69e-05
5.22e-05
1.69e-05
1.7e-05
1.71e-05
1.69e-05
1.7e-05
1.69e-05
1.69e-05
1.71e-05
1.69e-05
1.69e-05
1.68e-05
1.7e-05
1.71e-05
1.66e-05
1.72e-05
1.7e-05
1.69e-05
1.68e-05
1.71e-05
2.25e-05
1.67e-05
1.64e-05
1.68e-05
1.68e-05
1.69e-05
1.69e-05
1.71e-05
1.7e-05
1.68e-05
1.69e-05
2.33e-05
1.72e-05
1.67e-05
1.68e-05
1.69e-05
1.69e-05
1.71e-05
1.68e-05
1.69e-05
1.71e-05
1.62e-05
1.7e-05
1.69e-05
1.72e-05
1.68e-05
1.68e-05
1.72e-05
1.7e-05
1.78e-05
1.72e-05
1.68e-05
1.7e-05
1.73e-05
1.69e-05
1.72e-05
1.98e-05
1.7e-05
1.68e-05
1.69e-05
1.74e-05
1.65e-05
1.63e-05
1.68e-05
1.68e-05
1.69e-05
1.72e-05
1.68e-05
1.68e-05
1.72e-05
1.66e-05
2.25e-05
1.68e-05
1.69e-05
1.68e-05
1.69e-05
2.11e-05
1.69e-05
1.71e-05
1.73e-05
1.69e-05
1.67e-05
1.72e-05
1.71e-05
1.71e-05
1.69e-05
2.45e-05
1.68e-05
1.71e-05
1.68e-05
2.07e-05
1.68e-05
1.68e-05
1.68e-05
1.62e-05
1.69e-05
1.69e-05
1.68e-05
1.67e-05
1.65e-05
1.69e-05
1.69e-05
1.64e-05
1.67e-05
1.68e-05
1.69e-05
1.7e-05
1.69e-05
1.7e-05
1.69e-05
1.69e-05
1.7e-05
1.7e-05
1.73e-05
1.7e-05
1.72e-05
1.71e-05
1.69e-05
1.68e-05
1.8e-05
1.69e-05
1.69e-05
1.66e-05
1.69e-05
1.71e-05
1.76e-05
1.68e-05
1.69e-05
1.68e-05
1.71e-05
1.69e-05
2.29e-05
1.69e-05
1.71e-05
1.68e-05
1.74e-05
1.73e-05
2.07e-05
1.68e-05
1.71e-05
1.68e-05
1.68e-05
1.7e-05
1.7e-05
1.7e-05
1.74e-05
1.7e-05
1.69e-05
1.72e-05
1.69e-05
1.68e-05
1.72e-05
1.7e-05
1.7e-05
1.71e-05
1.68e-05
1.7e-05
1.71e-05
1.69e-05
1.7e-05
1.71e-05
1.7e-05
1.71e-05
1.68e-05
1.68e-05
1.71e-05
1.75e-05
1.69e-05
1.69e-05
1.68e-05
1.71e-05
1.69e-05
1.72e-05
1.71e-05
1.67e-05
1.7e-05
1.69e-05
1.69e-05
1.71e-05
1.72e-05
1.77e-05
1.69e-05
1.69e-05
1.74e-05
1.73e-05
1.68e-05
1.69e-05
1.7e-05
1.69e-05
1.68e-05
1.91e-05
1.68e-05
1.72e-05
1.7e-05
1.71e-05
1.69e-05
1.69e-05
1.67e-05
1.7e-05
1.68e-05
1.69e-05
1.69e-05
1.69e-05
2.28e-05
1.7e-05
1.67e-05
1.68e-05
1.72e-05
1.7e-05
1.7e-05
1.72e-05
1.68e-05
1.68e-05
1.68e-05
1.7e-05
1.72e-05
1.79e-05
1.7e-05
1.7e-05
1.71e-05
1.69e-05
1.63e-05
1.67e-05
1.69e-05
1.69e-05
1.68e-05
1.68e-05
1.71e-05
1.69e-05
1.69e-05
1.7e-05
1.69e-05
1.68e-05
8.87e-05
1.73e-05
1.71e-05
4.56e-05
1.68e-05
1.81e-05
1.69e-05
1.67e-05
1.7e-05
1.67e-05
1.68e-05
1.68e-05
1.66e-05
1.7e-05
1.69e-05
1.69e-05
1.68e-05
1.72e-05
1.69e-05
1.67e-05
1.68e-05
1.71e-05
1.69e-05
2.38e-05
1.68e-05
1.74e-05
1.69e-05
1.68e-05
1.71e-05
1.69e-05
2.79e-05
2.25e-05
2.24e-05
1.7e-05
1.68e-05
1.68e-05
1.69e-05
1.73e-05
1.69e-05
2.38e-05
1.66e-05
1.69e-05
2.65e-05
1.71e-05
1.72e-05
1.69e-05
1.66e-05
1.69e-05
1.68e-05
1.73e-05
1.71e-05
2.74e-05
1.71e-05
1.73e-05
0.0010627
1.57e-05
1.56e-05
1.61e-05
1.66e-05
1.63e-05
1.6e-05
1.58e-05
1.55e-05
1.61e-05
1.56e-05
1.6e-05
1.69e-05
1.57e-05
1.56e-05
1.6e-05
1.6e-05
2.66e-05
1.58e-05
2.11e-05
1.61e-05
1.56e-05
1.57e-05
1.58e-05
1.55e-05
1.55e-05
1.6e-05
1.92e-05
1.55e-05
1.58e-05
1.58e-05
2.07e-05
1.59e-05
1.57e-05
1.58e-05
1.58e-05
1.57e-05
1.68e-05
1.79e-05
1.57e-05
1.61e-05
1.61e-05
1.62e-05
1.58e-05
1.57e-05
1.89e-05
1.58e-05
1.57e-05
1.58e-05
1.59e-05
1.56e-05
1.58e-05
1.55e-05
3.11e-05
1.56e-05
1.57e-05
1.58e-05
1.58e-05
1.6e-05
1.6e-05
1.58e-05
1.59e-05
1.58e-05
1.54e-05
3.14e-05
1.57e-05
1.57e-05
1.58e-05
1.94e-05
1.58e-05
1.57e-05
1.56e-05
1.56e-05
1.58e-05
1.59e-05
1.58e-05
1.6e-05
1.57e-05
1.59e-05
1.55e-05
1.57e-05
1.57e-05
1.58e-05
1.58e-05
1.57e-05
1.57e-05
1.59e-05
1.76e-05
1.57e-05
1.58e-05
1.57e-05
1.64e-05
1.92e-05
1.59e-05
1.57e-05
1.91e-05
1.59e-05
1.58e-05
1.58e-05
1.58e-05
1.58e-05
1.58e-05
1.6e-05
1.58e-05
1.58e-05
1.57e-05
1.57e-05
1.57e-05
1.58e-05
1.57e-05
1.58e-05
2.13e-05
1.79e-05
2.21e-05
1.57e-05
1.58e-05
1.57e-05
1.57e-05
1.58e-05
1.63e-05
1.59e-05
1.56e-05
1.57e-05
1.62e-05
1.61e-05
1.58e-05
2.02e-05
2.38e-05
1.58e-05
1.57e-05
1.61e-05
1.58e-05
1.57e-05
1.58e-05
1.57e-05
1.57e-05
1.58e-05
1.57e-05
1.58e-05
1.56e-05
1.56e-05
1.56e-05
1.57e-05
1.57e-05
1.58e-05
1.57e-05
1.57e-05
1.57e-05
1.58e-05
1.6e-05
1.59e-05
1.58e-05
1.57e-05
1.58e-05
1.6e-05
1.57e-05
1.59e-05
1.57e-05
1.58e-05
1.57e-05
1.59e-05
1.57e-05
1.6e-05
1.58e-05
1.58e-05
1.57e-05
1.58e-05
1.57e-05
1.57e-05
1.71e-05
1.57e-05
1.58e-05
1.58e-05
1.59e-05
1.58e-05
1.58e-05
1.58e-05
1.58e-05
1.56e-05
1.59e-05
1.57e-05
1.59e-05
1.59e-05
1.58e-05
1.57e-05
1.59e-05
1.61e-05
1.62e-05
1.57e-05
1.58e-05
1.68e-05
1.56e-05
1.57e-05
1.54e-05
1.57e-05
1.59e-05
1.58e-05
1.89e-05
1.59e-05
1.57e-05
1.56e-05
1.82e-05
1.57e-05
1.58e-05
1.58e-05
1.57e-05
1.57e-05
1.79e-05
1.59e-05
1.57e-05
1.6e-05
1.57e-05
1.58e-05
1.55e-05
1.58e-05
1.56e-05
1.59e-05
1.59e-05
2.13e-05
1.6e-05
1.54e-05
1.53e-05
1.57e-05
1.58e-05
1.53e-05
1.55e-05
1.58e-05
1.54e-05
1.61e-05
1.56e-05
1.59e-05
1.59e-05
1.57e-05
1.57e-05
2.23e-05
1.58e-05
1.58e-05
1.58e-05
1.54e-05
1.54e-05
1.58e-05
2.18e-05
1.58e-05
1.58e-05
1.57e-05
1.58e-05
2.04e-05
1.58e-05
1.57e-05
2.41e-05
1.59e-05
1.59e-05
1.57e-05
1.57e-05
1.59e-05
1.57e-05
1.57e-05
1.61e-05
1.57e-05
1.53e-05
1.57e-05
1.59e-05
1.57e-05
1.58e-05
1.58e-05
1.57e-05
1.57e-05
1.56e-05
1.61e-05
1.55e-05
1.57e-05
2.92e-05
1.67e-05
1.58e-05
1.58e-05
1.62e-05
1.61e-05
1.57e-05
1.58e-05
1.59e-05
1.58e-05
1.58e-05
1.62e-05
1.58e-05
1.6e-05
1.6e-05
1.6e-05
1.59e-05
1.97e-05
1.58e-05
1.61e-05
1.68e-05
1.59e-05
1.59e-05
1.58e-05
1.55e-05
1.54e-05
1.54e-05
1.57e-05
1.6e-05
1.57e-05
1.55e-05
1.59e-05
1.59e-05
1.57e-05
1.58e-05
2.13e-05
1.61e-05
1.57e-05
1.6e-05
1.67e-05
1.55e-05
1.55e-05
1.57e-05
1.58e-05
1.57e-05
1.59e-05
1.72e-05
1.58e-05
1.65e-05
1.57e-05
1.57e-05
1.56e-05
2.57e-05
1.59e-05
1.58e-05
1.55e-05
1.62e-05
1.57e-05
1.67e-05
1.57e-05
1.56e-05
1.57e-05
1.58e-05
1.61e-05
1.57e-05
1.57e-05
1.6e-05
1.57e-05
1.61e-05
1.58e-05
1.57e-05
1.58e-05
1.57e-05
1.57e-05
1.58e-05
1.58e-05
1.56e-05
1.71e-05
1.58e-05
1.57e-05
1.58e-05
1.57e-05
1.57e-05
1.57e-05
1.58e-05
1.58e-05
1.59e-05
1.58e-05
1.58e-05
1.58e-05
1.58e-05
1.59e-05
1.57e-05
1.57e-05
1.56e-05
1.58e-05
1.6e-05
1.66e-05
1.57e-05
1.57e-05
1.54e-05
1.52e-05
1.6e-05
1.57e-05
1.59e-05
1.56e-05
1.57e-05
1.57e-05
1.57e-05
1.57e-05
1.58e-05
1.59e-05
1.59e-05
2.13e-05
1.59e-05
1.58e-05
1.67e-05
1.58e-05
1.58e-05
1.58e-05
1.57e-05
1.57e-05
1.59e-05
1.58e-05
1.57e-05
1.58e-05
1.58e-05
1.58e-05
1.59e-05
1.56e-05
1.58e-05
1.58e-05
1.6e-05
1.58e-05
1.68e-05
1.58e-05
1.57e-05
1.58e-05
1.57e-05
1.57e-05
1.62e-05
1.57e-05
1.58e-05
1.57e-05
1.58e-05
1.57e-05
1.84e-05
1.58e-05
1.9e-05
1.61e-05
1.57e-05
1.59e-05
1.58e-05
1.58e-05
1.88e-05
1.6e-05
1.59e-05
1.61e-05
1.58e-05
1.58e-05
1.57e-05
1.57e-05
1.61e-05
1.58e-05
1.57e-05
1.58e-05
1.58e-05
1.58e-05
1.63e-05
1.59e-05
1.91e-05
1.6e-05
1.67e-05
1.57e-05
1.56e-05
1.6e-05
2.02e-05
1.57e-05
1.6e-05
1.58e-05
1.58e-05
1.58e-05
1.58e-05
1.6e-05
1.58e-05
1.57e-05
1.58e-05
1.57e-05
1.58e-05
1.61e-05
1.58e-05
1.57e-05
1.67e-05
1.59e-05
1.58e-05
1.63e-05
1.58e-05
1.57e-05
1.57e-05
1.57e-05
1.59e-05
1.57e-05
1.57e-05
1.78e-05
1.56e-05
1.57e-05
1.58e-05
1.57e-05
1.58e-05
1.57e-05
1.58e-05
1.59e-05
1.58e-05
1.57e-05
1.58e-05
1.55e-05
1.73e-05
1.59e-05
1.59e-05
1.58e-05
1.57e-05
1.56e-05
1.57e-05
1.58e-05
1.58e-05
1.57e-05
1.58e-05
1.58e-05
1.57e-05
1.59e-05
1.68e-05
1.58e-05
1.57e-05
1.62e-05
1.59e-05
1.58e-05
1.58e-05
1.59e-05
1.61e-05
1.57e-05
1.57e-05
1.58e-05
1.58e-05
1.57e-05
1.58e-05
1.58e-05
1.7e-05
1.58e-05
1.57e-05
1.68e-05
1.56e-05
1.6e-05
1.59e-05
1.58e-05
1.67e-05
1.59e-05
1.57e-05
1.58e-05
1.57e-05
1.57e-05
1.58e-05
1.58e-05
1.57e-05
1.58e-05
1.58e-05
1.79e-05
1.55e-05
1.58e-05
1.59e-05
1.68e-05
1.59e-05
1.6e-05
1.58e-05
1.61e-05
1.58e-05
1.59e-05
1.57e-05
1.57e-05
1.57e-05
1.59e-05
1.59e-05
1.58e-05
1.57e-05
1.58e-05
1.58e-05
1.57e-05
1.59e-05
1.58e-05
1.69e-05
1.6e-05
1.58e-05
2.15e-05
1.58e-05
1.57e-05
1.58e-05
2.7e-05
1.59e-05
1.6e-05
1.61e-05
1.59e-05
1.57e-05
1.58e-05
1.58e-05
2.2e-05
1.58e-05
1.56e-05
1.56e-05
2.24e-05
1.58e-05
1.58e-05
1.58e-05
1.6e-05
1.58e-05
1.57e-05
2.97e-05
2.04e-05
1.6e-05
1.58e-05
1.57e-05
1.57e-05
1.58e-05
1.58e-05
1.6e-05
1.57e-05
1.58e-05
1.57e-05
1.57e-05
1.69e-05
1.6e-05
1.57e-05
1.62e-05
1.58e-05
1.8e-05
1.59e-05
1.57e-05
1.6e-05
2.12e-05
1.57e-05
1.58e-05
1.6e-05
1.55e-05
1.58e-05
1.61e-05
1.6e-05
2.39e-05
1.61e-05
1.56e-05
1.59e-05
1.58e-05
1.57e-05
1.58e-05
1.58e-05
0.0001168
2.34e-05
1.56e-05
1.89e-05
1.57e-05
1.58e-05
2.32e-05
2.13e-05
1.58e-05
1.57e-05
1.61e-05
1.57e-05
1.61e-05
1.71e-05
1.58e-05
1.57e-05
1.6e-05
1.58e-05
1.58e-05
1.57e-05
1.61e-05
1.58e-05
1.59e-05
1.73e-05
1.58e-05
1.57e-05
1.58e-05
1.58e-05
1.58e-05
1.57e-05
1.56e-05
1.58e-05
1.59e-05
1.68e-05
1.62e-05
1.58e-05
1.63e-05
1.6e-05
1.6e-05
2.63e-05
1.59e-05
1.64e-05
1.57e-05
1.58e-05
1.56e-05
1.58e-05
1.65e-05
1.57e-05
1.59e-05
1.57e-05
1.57e-05
1.76e-05
1.57e-05
1.57e-05
1.58e-05
1.57e-05
1.55e-05
1.57e-05
8.29e-05
1.57e-05
1.61e-05
1.56e-05
1.57e-05
1.6e-05
1.57e-05
1.58e-05
1.58e-05
1.61e-05
1.57e-05
1.57e-05
1.68e-05
1.6e-05
1.57e-05
1.58e-05
2.12e-05
4.82e-05
1.71e-05
1.64e-05
1.63e-05
1.64e-05
1.65e-05
2.18e-05
1.65e-05
1.64e-05
1.64e-05
1.68e-05
1.65e-05
1.65e-05
4.24e-05
1.63e-05
1.68e-05
1.64e-05
1.63e-05
1.64e-05
2.69e-05
2.66e-05
1.7e-05
0.0001046
1.63e-05
2.27e-05
1.69e-05
1.63e-05
1.64e-05
4.06e-05
5.91e-05
1.67e-05
1.62e-05
1.68e-05
1.66e-05
1.69e-05
1.69e-05
1.68e-05
1.68e-05
2.25e-05
1.65e-05
1.65e-05
1.67e-05
1.65e-05
1.64e-05
1.64e-05
1.65e-05
1.67e-05
1.64e-05
1.7e-05
1.67e-05
1.64e-05
1.65e-05
1.65e-05
1.64e-05
1.68e-05
1.65e-05
1.65e-05
1.65e-05
7.95e-05
1.69e-05
1.65e-05
1.64e-05
1.65e-05
1.61e-05
1.6e-05
1.64e-05
1.68e-05
1.68e-05
1.67e-05
1.83e-05
1.63e-05
1.65e-05
1.68e-05
1.66e-05
1.66e-05
1.68e-05
1.63e-05
1.67e-05
1.65e-05
1.65e-05
1.63e-05
1.65e-05
1.68e-05
1.65e-05
1.68e-05
1.69e-05
1.65e-05
1.64e-05
1.94e-05
1.68e-05
1.64e-05
2.15e-05
1.69e-05
1.65e-05
1.67e-05
1.67e-05
1.66e-05
1.67e-05
1.64e-05
1.68e-05
1.65e-05
1.66e-05
1.7e-05
1.67e-05
1.66e-05
1.65e-05
1.67e-05
1.67e-05
1.65e-05
1.65e-05
1.69e-05
1.67e-05
1.67e-05
2.4e-05
1.65e-05
1.65e-05
1.69e-05
1.65e-05
1.67e-05
1.66e-05
1.65e-05
1.67e-05
1.65e-05
1.63e-05
1.64e-05
1.7e-05
1.66e-05
1.65e-05
1.61e-05
1.62e-05
1.65e-05
1.66e-05
1.7e-05
1.65e-05
1.65e-05
1.66e-05
1.66e-05
1.65e-05
1.65e-05
1.64e-05
1.64e-05
1.65e-05
1.65e-05
1.67e-05
1.66e-05
1.66e-05
1.64e-05
1.66e-05
1.65e-05
1.65e-05
1.66e-05
1.77e-05
2.05e-05
1.64e-05
1.68e-05
1.66e-05
1.64e-05
1.71e-05
1.67e-05
1.65e-05
2.26e-05
1.68e-05
1.64e-05
1.64e-05
1.66e-05
1.69e-05
1.65e-05
1.65e-05
1.67e-05
1.66e-05
1.65e-05
1.69e-05
1.67e-05
1.73e-05
1.65e-05
1.65e-05
1.69e-05
1.65e-05
1.64e-05
1.64e-05
1.64e-05
1.99e-05
1.65e-05
1.65e-05
1.7e-05
1.66e-05
1.67e-05
1.68e-05
1.63e-05
1.63e-05
1.64e-05
1.65e-05
1.65e-05
1.64e-05
1.67e-05
1.66e-05
1.67e-05
1.65e-05
1.65e-05
1.66e-05
1.67e-05
1.87e-05
1.65e-05
1.66e-05
3.31e-05
1.65e-05
1.69e-05
1.65e-05
4.33e-05
1.65e-05
1.66e-05
1.65e-05
1.64e-05
1.63e-05
1.66e-05
1.65e-05
1.64e-05
1.66e-05
1.66e-05
1.63e-05
1.6e-05
1.64e-05
1.65e-05
1.66e-05
1.64e-05
1.64e-05
1.68e-05
1.67e-05
1.67e-05
1.66e-05
1.66e-05
1.69e-05
1.68e-05
1.64e-05
1.68e-05
1.69e-05
2.44e-05
1.68e-05
1.65e-05
1.65e-05
1.65e-05
1.65e-05
1.65e-05
1.65e-05
1.65e-05
1.67e-05
1.65e-05
1.65e-05
1.65e-05
1.66e-05
1.65e-05
1.66e-05
1.68e-05
1.65e-05
1.66e-05
1.65e-05
1.64e-05
1.65e-05
1.64e-05
1.65e-05
1.64e-05
1.65e-05
1.65e-05
1.69e-05
1.64e-05
1.61e-05
1.66e-05
2.25e-05
1.66e-05
1.63e-05
1.65e-05
1.66e-05
1.65e-05
1.65e-05
1.65e-05
1.64e-05
1.64e-05
1.64e-05
1.63e-05
1.65e-05
1.65e-05
1.83e-05
1.65e-05
1.65e-05
1.65e-05
1.68e-05
1.65e-05
1.65e-05
1.66e-05
1.63e-05
1.65e-05
1.64e-05
1.65e-05
1.66e-05
1.65e-05
1.65e-05
1.65e-05
1.65e-05
1.65e-05
1.67e-05
1.64e-05
1.96e-05
1.64e-05
1.65e-05
1.65e-05
1.64e-05
1.65e-05
1.65e-05
1.65e-05
1.64e-05
1.87e-05
1.69e-05
1.85e-05
1.66e-05
1.64e-05
1.64e-05
1.65e-05
1.65e-05
1.65e-05
1.64e-05
1.64e-05
1.65e-05
1.65e-05
1.68e-05
1.65e-05
1.65e-05
1.65e-05
1.65e-05
1.65e-05
1.66e-05
1.64e-05
1.66e-05
1.65e-05
2.17e-05
1.69e-05
1.65e-05
1.65e-05
1.69e-05
1.65e-05
1.65e-05
1.67e-05
1.62e-05
1.64e-05
1.64e-05
1.65e-05
1.66e-05
1.64e-05
1.67e-05
1.64e-05
1.65e-05
1.68e-05
1.66e-05
1.68e-05
1.65e-05
1.63e-05
1.64e-05
1.64e-05
1.79e-05
1.65e-05
1.65e-05
1.65e-05
1.67e-05
1.65e-05
1.67e-05
1.65e-05
1.65e-05
1.66e-05
1.64e-05
1.65e-05
1.65e-05
4.6e-05
1.65e-05
1.71e-05
1.67e-05
1.67e-05
1.67e-05
1.65e-05
1.76e-05
1.67e-05
1.91e-05
1.65e-05
1.65e-05
1.65e-05
1.64e-05
1.65e-05
1.65e-05
1.65e-05
1.66e-05
1.64e-05
1.64e-05
1.65e-05
1.64e-05
1.64e-05
1.65e-05
1.65e-05
1.93e-05
1.74e-05
1.7e-05
1.67e-05
1.65e-05
1.67e-05
1.64e-05
1.64e-05
1.64e-05
1.66e-05
1.65e-05
1.68e-05
1.65e-05
1.65e-05
1.65e-05
1.65e-05
1.65e-05
1.67e-05
1.7e-05
1.66e-05
1.64e-05
1.76e-05
1.65e-05
1.65e-05
1.66e-05
1.65e-05
1.65e-05
2.22e-05
1.64e-05
1.65e-05
1.65e-05
1.65e-05
1.65e-05
1.65e-05
1.64e-05
1.64e-05
1.65e-05
1.65e-05
1.66e-05
1.66e-05
1.64e-05
1.74e-05
1.65e-05
1.65e-05
1.63e-05
1.65e-05
1.65e-05
2.24e-05
1.65e-05
2.15e-05
1.65e-05
1.65e-05
1.65e-05
1.65e-05
1.63e-05
1.64e-05
1.64e-05
1.66e-05
1.64e-05
1.65e-05
1.68e-05
1.73e-05
1.69e-05
1.64e-05
1.64e-05
1.64e-05
1.65e-05
1.64e-05
1.67e-05
1.65e-05
1.64e-05
1.7e-05
1.65e-05
1.65e-05
1.64e-05
1.65e-05
1.67e-05
1.69e-05
1.66e-05
1.67e-05
1.68e-05
1.76e-05
1.63e-05
1.65e-05
1.66e-05
1.66e-05
1.68e-05
1.65e-05
1.66e-05
1.66e-05
1.65e-05
1.66e-05
1.64e-05
1.7e-05
1.65e-05
1.65e-05
1.64e-05
1.65e-05
1.65e-05
1.65e-05
1.64e-05
1.73e-05
1.64e-05
1.67e-05
2.23e-05
1.66e-05
1.7e-05
1.66e-05
1.69e-05
1.65e-05
1.64e-05
1.65e-05
1.65e-05
1.62e-05
1.67e-05
1.65e-05
1.6e-05
1.61e-05
1.62e-05
1.64e-05
1.62e-05
2.86e-05
1.65e-05
1.65e-05
1.65e-05
1.68e-05
1.66e-05
1.65e-05
1.69e-05
1.8e-05
1.65e-05
2.2e-05
1.65e-05
1.69e-05
2.23e-05
1.64e-05
1.67e-05
1.65e-05
0.000111
1.8e-05
1.63e-05
1.62e-05
1.65e-05
1.63e-05
1.62e-05
1.7e-05
1.65e-05
1.64e-05
1.65e-05
1.62e-05
1.65e-05
1.68e-05
1.64e-05
1.66e-05
1.71e-05
1.68e-05
1.67e-05
2.24e-05
1.64e-05
1.76e-05
1.65e-05
1.66e-05
1.66e-05
1.65e-05
1.65e-05
1.74e-05
1.69e-05
1.7e-05
1.64e-05
1.63e-05
1.69e-05
1.65e-05
1.65e-05
1.72e-05
1.66e-05
1.67e-05
1.65e-05
4.05e-05
1.6e-05
1.76e-05
1.67e-05
1.65e-05
1.66e-05
1.65e-05
1.65e-05
1.65e-05
1.61e-05
3.73e-05
1.65e-05
1.64e-05
1.68e-05
1.65e-05
1.65e-05
1.65e-05
1.7e-05
1.68e-05
1.64e-05
1.69e-05
1.73e-05
1.65e-05
1.69e-05
1.65e-05
1.64e-05
1.64e-05
1.66e-05
1.65e-05
1.65e-05
1.65e-05
1.66e-05
1.65e-05
1.66e-05
1.63e-05
1.65e-05
1.65e-05
1.61e-05
1.62e-05
1.64e-05
1.66e-05
2.16e-05
1.65e-05
1.66e-05
1.65e-05
1.64e-05
1.64e-05
1.65e-05
1.73e-05
1.65e-05
1.66e-05
1.63e-05
1.69e-05
1.68e-05
1.64e-05
1.65e-05
1.66e-05
1.65e-05
1.66e-05
1.66e-05
1.79e-05
1.64e-05
1.64e-05
1.64e-05
1.66e-05
1.68e-05
1.66e-05
1.64e-05
1.91e-05
1.64e-05
1.66e-05
1.67e-05
1.64e-05
1.66e-05
1.65e-05
1.65e-05
1.64e-05
2.33e-05
1.65e-05
1.64e-05
1.72e-05
1.65e-05
1.68e-05
1.68e-05
1.67e-05
1.66e-05
1.65e-05
1.61e-05
1.64e-05
1.63e-05
1.64e-05
1.69e-05
1.66e-05
1.66e-05
1.64e-05
1.64e-05
1.65e-05
1.74e-05
1.66e-05
1.76e-05
1.89e-05
1.64e-05
1.63e-05
1.65e-05
1.65e-05
1.64e-05
1.67e-05
1.65e-05
1.66e-05
1.65e-05
1.65e-05
1.65e-05
1.67e-05
1.68e-05
1.64e-05
1.65e-05
1.67e-05
1.7e-05
1.77e-05
1.65e-05
1.69e-05
2.46e-05
2.11e-05
1.64e-05
1.65e-05
1.65e-05
1.65e-05
1.64e-05
2.5e-05
1.66e-05
1.61e-05
1.58e-05
1.56e-05
1.58e-05
1.67e-05
1.6e-05
1.59e-05
1.59e-05
1.58e-05
2.11e-05
5.81e-05
1.58e-05
1.85e-05
1.78e-05
1.63e-05
2.07e-05
2.06e-05
1.87e-05
1.55e-05
1.56e-05
1.58e-05
1.74e-05
1.56e-05
1.54e-05
1.6e-05
1.64e-05
1.59e-05
1.55e-05
1.74e-05
1.55e-05
1.58e-05
1.56e-05
1.55e-05
1.57e-05
1.59e-05
1.57e-05
1.56e-05
1.86e-05
1.57e-05
1.57e-05
1.58e-05
1.56e-05
1.8e-05
1.54e-05
1.76e-05
1.57e-05
1.57e-05
1.58e-05
1.6e-05
1.58e-05
1.64e-05
1.57e-05
1.57e-05
2.17e-05
2.1e-05
1.58e-05
1.57e-05
1.55e-05
1.57e-05
1.54e-05
1.57e-05
2.35e-05
1.59e-05
1.57e-05
1.58e-05
1.56e-05
1.57e-05
1.56e-05
1.56e-05
1.56e-05
1.57e-05
1.67e-05
1.58e-05
1.57e-05
2.04e-05
1.54e-05
1.57e-05
1.57e-05
1.59e-05
1.57e-05
1.58e-05
1.6e-05
1.6e-05
1.88e-05
1.59e-05
1.57e-05
1.57e-05
1.57e-05
1.56e-05
1.57e-05
1.62e-05
1.56e-05
1.57e-05
1.58e-05
1.58e-05
1.57e-05
1.59e-05
2.01e-05
1.61e-05
2.01e-05
1.57e-05
2.68e-05
1.58e-05
2.13e-05
1.57e-05
1.58e-05
1.56e-05
1.67e-05
1.56e-05
1.55e-05
1.6e-05
1.56e-05
1.6e-05
1.58e-05
1.57e-05
1.57e-05
1.57e-05
1.58e-05
1.59e-05
1.57e-05
1.57e-05
1.57e-05
1.56e-05
1.57e-05
1.57e-05
1.58e-05
1.56e-05
1.58e-05
1.58e-05
1.57e-05
1.57e-05
1.57e-05
1.6e-05
1.57e-05
1.57e-05
1.56e-05
1.58e-05
1.6e-05
1.58e-05
1.59e-05
1.57e-05
1.58e-05
1.61e-05
1.58e-05
1.57e-05
1.57e-05
1.59e-05
1.6e-05
1.57e-05
1.7e-05
2.16e-05
1.57e-05
1.58e-05
1.59e-05
1.58e-05
1.57e-05
1.58e-05
1.57e-05
1.55e-05
1.6e-05
1.58e-05
1.58e-05
1.59e-05
1.6e-05
1.57e-05
2.72e-05
1.54e-05
1.55e-05
1.56e-05
1.74e-05
1.59e-05
1.58e-05
2.22e-05
1.58e-05
1.58e-05
1.57e-05
1.55e-05
1.57e-05
1.55e-05
1.57e-05
1.58e-05
1.58e-05
1.54e-05
1.57e-05
1.58e-05
1.6e-05
1.54e-05
1.57e-05
1.57e-05
1.57e-05
2.35e-05
1.58e-05
1.57e-05
1.57e-05
1.58e-05
1.98e-05
1.56e-05
1.58e-05
2.28e-05
1.58e-05
1.57e-05
1.57e-05
1.59e-05
1.57e-05
1.54e-05
1.58e-05
1.57e-05
1.57e-05
1.57e-05
1.58e-05
1.61e-05
1.59e-05
1.58e-05
1.56e-05
1.6e-05
1.57e-05
1.57e-05
1.57e-05
1.94e-05
1.6e-05
1.56e-05
1.54e-05
1.57e-05
1.57e-05
1.57e-05
1.57e-05
1.57e-05
1.58e-05
1.57e-05
1.57e-05
1.59e-05
1.6e-05
1.55e-05
1.57e-05
2.9e-05
1.6e-05
1.6e-05
1.57e-05
1.57e-05
1.57e-05
1.59e-05
1.58e-05
2.53e-05
2.24e-05
1.57e-05
1.57e-05
1.55e-05
1.6e-05
1.58e-05
1.58e-05
1.58e-05
1.59e-05
1.59e-05
1.54e-05
2.77e-05
1.58e-05
1.58e-05
1.55e-05
1.59e-05
1.57e-05
1.58e-05
1.57e-05
1.6e-05
1.57e-05
1.58e-05
1.58e-05
1.58e-05
1.57e-05
1.57e-05
1.54e-05
1.57e-05
1.63e-05
1.59e-05
1.57e-05
1.57e-05
1.58e-05
1.87e-05
1.57e-05
1.58e-05
1.57e-05
1.56e-05
1.57e-05
1.58e-05
1.58e-05
1.58e-05
1.57e-05
1.57e-05
1.58e-05
1.58e-05
1.57e-05
2.43e-05
1.57e-05
1.6e-05
1.56e-05
1.57e-05
1.58e-05
1.55e-05
1.6e-05
1.59e-05
1.59e-05
1.6e-05
1.58e-05
1.57e-05
2.05e-05
1.58e-05
1.57e-05
1.57e-05
1.57e-05
1.58e-05
1.59e-05
1.56e-05
1.75e-05
1.57e-05
2.12e-05
3.03e-05
1.59e-05
2.04e-05
1.56e-05
1.59e-05
1.56e-05
1.58e-05
1.57e-05
1.58e-05
1.57e-05
1.58e-05
1.59e-05
1.57e-05
1.57e-05
1.58e-05
1.56e-05
1.57e-05
1.57e-05
1.56e-05
1.57e-05
1.57e-05
3.43e-05
1.57e-05
1.57e-05
1.57e-05
1.57e-05
1.55e-05
1.57e-05
1.56e-05
1.67e-05
2.06e-05
1.59e-05
1.57e-05
1.56e-05
1.59e-05
1.57e-05
1.57e-05
1.83e-05
2.64e-05
1.57e-05
3.33e-05
1.69e-05
1.58e-05
1.58e-05
1.55e-05
1.57e-05
1.58e-05
1.59e-05
1.57e-05
1.57e-05
1.6e-05
1.58e-05
1.56e-05
1.58e-05
1.58e-05
1.59e-05
1.95e-05
1.6e-05
1.6e-05
1.92e-05
1.59e-05
1.59e-05
1.58e-05
1.55e-05
1.64e-05
1.57e-05
1.59e-05
1.56e-05
1.57e-05
1.57e-05
1.56e-05
1.58e-05
1.56e-05
1.76e-05
1.58e-05
1.57e-05
1.58e-05
1.57e-05
1.54e-05
1.57e-05
1.55e-05
3.67e-05
2.53e-05
1.58e-05
1.57e-05
1.57e-05
1.57e-05
2.16e-05
1.58e-05
1.57e-05
1.57e-05
1.58e-05
1.57e-05
1.56e-05
1.58e-05
1.59e-05
1.64e-05
1.57e-05
1.57e-05
1.57e-05
1.57e-05
2.63e-05
2.07e-05
1.58e-05
1.57e-05
1.57e-05
1.58e-05
1.58e-05
1.54e-05
1.58e-05
1.58e-05
1.58e-05
1.57e-05
1.56e-05
1.57e-05
1.58e-05
1.6e-05
1.56e-05
1.61e-05
1.54e-05
1.67e-05
1.61e-05
1.63e-05
1.57e-05
1.57e-05
1.57e-05
1.57e-05
1.56e-05
1.59e-05
1.57e-05
1.57e-05
1.57e-05
1.57e-05
1.54e-05
1.57e-05
1.57e-05
1.57e-05
1.57e-05
1.57e-05
1.65e-05
1.55e-05
5.55e-05
1.6e-05
1.57e-05
1.56e-05
1.57e-05
1.6e-05
1.57e-05
1.57e-05
1.57e-05
1.56e-05
1.57e-05
1.57e-05
1.57e-05
1.57e-05
1.56e-05
1.57e-05
1.56e-05
1.57e-05
2.04e-05
1.57e-05
1.58e-05
1.57e-05
1.57e-05
1.57e-05
1.58e-05
1.58e-05
1.58e-05
1.57e-05
1.74e-05
1.59e-05
1.53e-05
1.53e-05
1.57e-05
1.57e-05
1.58e-05
1.52e-05
1.57e-05
1.58e-05
1.62e-05
1.57e-05
1.58e-05
1.55e-05
1.58e-05
1.57e-05
1.58e-05
1.59e-05
1.57e-05
1.57e-05
1.57e-05
1.54e-05
1.53e-05
1.56e-05
1.56e-05
1.57e-05
1.57e-05
1.57e-05
1.56e-05
1.66e-05
1.58e-05
2.15e-05
1.58e-05
1.57e-05
1.58e-05
1.56e-05
1.57e-05
1.59e-05
1.57e-05
1.58e-05
1.57e-05
1.57e-05
1.59e-05
1.57e-05
1.57e-05
1.69e-05
1.57e-05
1.57e-05
1.57e-05
1.56e-05
1.52e-05
1.7e-05
1.57e-05
1.57e-05
1.57e-05
1.57e-05
1.54e-05
1.58e-05
1.58e-05
2.11e-05
1.57e-05
1.56e-05
1.56e-05
1.57e-05
1.58e-05
1.57e-05
1.56e-05
1.53e-05
1.53e-05
1.67e-05
1.56e-05
0.000116
1.57e-05
1.57e-05
1.58e-05
1.59e-05
1.58e-05
1.58e-05
1.56e-05
1.57e-05
1.57e-05
1.56e-05
1.57e-05
1.57e-05
1.56e-05
1.57e-05
1.57e-05
1.57e-05
1.67e-05
1.58e-05
1.57e-05
1.58e-05
1.57e-05
1.57e-05
1.58e-05
1.57e-05
1.58e-05
3.72e-05
2.04e-05
1.97e-05
1.57e-05
1.57e-05
1.57e-05
1.57e-05
1.57e-05
1.57e-05
1.58e-05
1.57e-05
1.67e-05
1.57e-05
1.57e-05
1.57e-05
1.57e-05
1.57e-05
1.58e-05
2.31e-05
1.58e-05
1.57e-05
1.55e-05
1.59e-05
1.56e-05
1.58e-05
1.61e-05
1.55e-05
1.55e-05
1.55e-05
1.55e-05
1.58e-05
6.36e-05
1.57e-05
1.57e-05
1.57e-05
1.58e-05
1.57e-05
1.55e-05
1.57e-05
1.57e-05
1.57e-05
1.6e-05
1.62e-05
1.57e-05
1.57e-05
1.58e-05
1.58e-05
1.58e-05
1.74e-05
1.57e-05
2.14e-05
1.57e-05
2.12e-05
1.59e-05
1.6e-05
1.55e-05
1.59e-05
1.8e-05
1.58e-05
1.57e-05
1.58e-05
1.54e-05
1.57e-05
1.57e-05
1.55e-05
1.6e-05
1.57e-05
1.58e-05
1.56e-05
1.68e-05
1.57e-05
1.58e-05
1.57e-05
1.58e-05
1.58e-05
1.57e-05
1.64e-05
1.61e-05
1.56e-05
1.57e-05
1.57e-05
1.59e-05
1.57e-05
1.59e-05
1.54e-05
1.53e-05
1.57e-05
1.58e-05
1.65e-05
2.16e-05
1.57e-05
1.56e-05
1.57e-05
1.57e-05
1.57e-05
1.57e-05
1.57e-05
1.58e-05
1.57e-05
1.59e-05
1.58e-05
1.55e-05
1.57e-05
1.55e-05
1.6e-05
1.57e-05
1.57e-05
2.11e-05
1.56e-05
1.58e-05
1.57e-05
1.59e-05
1.58e-05
1.56e-05
1.57e-05
1.58e-05
1.57e-05
1.58e-05
1.58e-05
1.57e-05
1.57e-05
1.57e-05
1.6e-05
1.57e-05
4.33e-05
1.57e-05
1.57e-05
1.57e-05
1.58e-05
1.57e-05
1.58e-05
1.57e-05
1.57e-05
1.58e-05
1.57e-05
1.57e-05
5.69e-05
2.08e-05
1.57e-05
1.57e-05
1.58e-05
2.41e-05
1.56e-05
1.57e-05
1.57e-05
1.57e-05
1.98e-05
1.98e-05
1.67e-05
1.61e-05
1.57e-05
1.57e-05
9.83e-05
1.54e-05
1.58e-05
1.61e-05
1.57e-05
1.92e-05
1.57e-05
1.56e-05
1.56e-05
1.56e-05
1.57e-05
1.57e-05
1.58e-05
1.57e-05
1.57e-05
1.56e-05
1.57e-05
1.57e-05
1.58e-05
1.53e-05
1.53e-05
1.57e-05
1.58e-05
1.58e-05
1.59e-05
1.58e-05
1.57e-05
1.57e-05
1.58e-05
1.55e-05
1.58e-05
1.57e-05
1.57e-05
1.68e-05
1.76e-05
1.56e-05
1.58e-05
1.56e-05
1.58e-05
1.58e-05
1.59e-05
1.58e-05
1.59e-05
2.28e-05
1.58e-05
1.59e-05
1.57e-05
1.57e-05
1.57e-05
1.54e-05
1.57e-05
1.57e-05
1.67e-05
1.73e-05
1.57e-05
1.57e-05
5.16e-05
1.55e-05
1.56e-05
1.57e-05
1.54e-05
1.54e-05
2.13e-05
1.57e-05
1.59e-05
1.56e-05
1.54e-05
1.57e-05
1.57e-05
1.57e-05
1.57e-05
1.59e-05
1.57e-05
1.57e-05
1.57e-05
1.59e-05
1.58e-05
1.58e-05
1.57e-05
1.63e-05
1.56e-05
1.57e-05
1.59e-05
1.55e-05
1.57e-05
1.58e-05
1.58e-05
1.57e-05
1.58e-05
1.57e-05
1.67e-05
1.55e-05
1.57e-05
1.57e-05
1.57e-05
1.57e-05
1.56e-05
1.57e-05
1.57e-05
1.57e-05
1.57e-05
1.58e-05
1.57e-05
1.57e-05
1.59e-05
2.36e-05
1.56e-05
1.57e-05
1.57e-05
1.56e-05
1.64e-05
1.55e-05
1.57e-05
1.57e-05
1.56e-05
1.56e-05
1.57e-05
1.58e-05
1.57e-05
1.54e-05
1.53e-05
1.57e-05
1.58e-05
1.57e-05
1.57e-05
1.55e-05
1.57e-05
1.52e-05
1.52e-05
1.59e-05
1.58e-05
1.58e-05
1.57e-05
1.57e-05
1.57e-05
1.57e-05
1.6e-05
1.57e-05
1.61e-05
1.56e-05
1.56e-05
1.57e-05
1.57e-05
1.53e-05
1.58e-05
1.57e-05
1.56e-05
1.58e-05
1.55e-05
1.57e-05
1.57e-05
1.57e-05
1.57e-05
1.56e-05
1.93e-05
1.57e-05
1.57e-05
1.55e-05
1.58e-05
1.59e-05
1.57e-05
1.58e-05
1.58e-05
1.57e-05
1.58e-05
1.57e-05
1.59e-05
1.57e-05
1.57e-05
1.58e-05
1.57e-05
1.57e-05
1.57e-05
1.57e-05
1.57e-05
1.57e-05
1.6e-05
1.56e-05
1.56e-05
1.56e-05
1.54e-05
3.36e-05
1.57e-05
1.6e-05
1.55e-05
1.56e-05
1.56e-05
1.57e-05
1.58e-05
1.58e-05
1.57e-05
1.56e-05
1.53e-05
1.54e-05
1.57e-05
1.56e-05
1.57e-05
1.6e-05
1.6e-05
1.57e-05
1.58e-05
1.58e-05
1.57e-05
1.57e-05
1.58e-05
1.58e-05
1.57e-05
1.57e-05
1.57e-05
1.81e-05
1.57e-05
1.56e-05
1.57e-05
1.57e-05
1.72e-05
1.82e-05
1.56e-05
1.57e-05
1.59e-05
1.57e-05
1.57e-05
1.57e-05
3.11e-05
1.55e-05
1.58e-05
1.6e-05
1.57e-05
1.6e-05
1.59e-05
3.22e-05
1.57e-05
1.54e-05
1.57e-05
1.58e-05
1.56e-05
1.57e-05
1.57e-05
1.58e-05
1.57e-05
1.58e-05
1.56e-05
1.67e-05
1.59e-05
1.57e-05
1.58e-05
1.58e-05
1.67e-05
1.57e-05
1.57e-05
1.55e-05
1.57e-05
1.61e-05
1.59e-05
1.6e-05
1.57e-05
1.57e-05
1.58e-05
1.58e-05
1.54e-05
1.6e-05
1.6e-05
4.16e-05
1.56e-05
1.56e-05
1.62e-05
1.58e-05
1.57e-05
1.57e-05
1.57e-05
1.53e-05
1.57e-05
1.56e-05
1.57e-05
1.58e-05
1.57e-05
1.58e-05
1.55e-05
1.58e-05
1.58e-05
1.56e-05
1.55e-05
1.55e-05
1.58e-05
1.59e-05
1.57e-05
1.79e-05
1.58e-05
1.58e-05
1.54e-05
1.57e-05
2.12e-05
1.67e-05
1.56e-05
1.57e-05
1.55e-05
1.56e-05
1.57e-05
1.62e-05
1.57e-05
1.57e-05
1.56e-05
1.56e-05
1.55e-05
1.66e-05
1.59e-05
1.61e-05
1.58e-05
1.57e-05
1.57e-05
1.59e-05
1.58e-05
1.54e-05
1.58e-05
1.58e-05
1.59e-05
1.57e-05
1.59e-05
1.57e-05
1.59e-05
1.58e-05
1.57e-05
1.98e-05
1.56e-05
1.57e-05
1.57e-05
1.55e-05
1.56e-05
1.89e-05
1.6e-05
1.56e-05
1.57e-05
1.57e-05
1.53e-05
1.58e-05
1.56e-05
1.56e-05
1.55e-05
1.57e-05
1.57e-05
1.57e-05
1.57e-05
1.57e-05
1.56e-05
1.58e-05
1.59e-05
1.58e-05
1.56e-05
1.57e-05
1.61e-05
1.56e-05
1.59e-05
1.53e-05
1.59e-05
1.56e-05
1.56e-05
2.04e-05
1.58e-05
1.57e-05
1.58e-05
1.56e-05
1.56e-05
1.58e-05
1.69e-05
1.55e-05
1.59e-05
1.58e-05
1.58e-05
2.62e-05
1.57e-05
1.6e-05
1.58e-05
1.57e-05
1.57e-05
1.6e-05
1.57e-05
1.57e-05
1.6e-05
1.58e-05
1.55e-05
2.01e-05
1.57e-05
1.54e-05
1.57e-05
3.96e-05
1.58e-05
1.57e-05
1.58e-05
1.57e-05
1.58e-05
1.57e-05
1.58e-05
1.53e-05
1.53e-05
1.57e-05
1.56e-05
1.57e-05
6.88e-05
1.57e-05
1.57e-05
2.51e-05
1.57e-05
1.57e-05
1.56e-05
1.54e-05
1.52e-05
1.56e-05
1.57e-05
1.58e-05
1.56e-05
1.59e-05
1.54e-05
1.57e-05
1.56e-05
2.1e-05
1.55e-05
1.57e-05
1.62e-05
1.53e-05
1.56e-05
1.6e-05
1.57e-05
1.57e-05
1.59e-05
1.57e-05
2.87e-05
1.53e-05
1.57e-05
1.56e-05
1.56e-05
1.54e-05
1.78e-05
1.59e-05
1.56e-05
1.6e-05
2.53e-05
1.63e-05
1.58e-05
2e-05
1.56e-05
1.54e-05
1.56e-05
1.56e-05
1.69e-05
1.57e-05
1.55e-05
1.76e-05
1.59e-05
1.62e-05
1.54e-05
2.35e-05
1.57e-05
1.56e-05
1.59e-05
1.55e-05
1.56e-05
1.56e-05
3.05e-05
1.93e-05
1.55e-05
1.56e-05
1.56e-05
1.53e-05
1.55e-05
1.55e-05
1.55e-05
1.56e-05
1.56e-05
1.76e-05
1.56e-05
1.56e-05
1.56e-05
1.56e-05
1.55e-05
1.58e-05
1.56e-05
1.56e-05
1.54e-05
1.68e-05
1.55e-05
1.55e-05
1.61e-05
1.53e-05
1.55e-05
1.55e-05
1.56e-05
1.55e-05
1.58e-05
1.56e-05
1.55e-05
1.56e-05
1.55e-05
1.57e-05
1.52e-05
2.05e-05
1.56e-05
1.56e-05
1.55e-05
1.56e-05
1.56e-05
1.57e-05
1.56e-05
1.56e-05
1.58e-05
1.54e-05
1.56e-05
1.55e-05
1.56e-05
1.56e-05
1.57e-05
1.56e-05
1.56e-05
1.56e-05
1.61e-05
1.56e-05
1.57e-05
1.55e-05
1.57e-05
1.56e-05
1.56e-05
1.56e-05
1.53e-05
1.54e-05
1.55e-05
1.56e-05
1.56e-05
1.57e-05
1.57e-05
2.13e-05
1.56e-05
1.97e-05
1.56e-05
1.56e-05
1.58e-05
1.57e-05
1.59e-05
1.56e-05
2.03e-05
1.56e-05
1.58e-05
1.55e-05
1.57e-05
1.56e-05
1.56e-05
1.55e-05
2.11e-05
1.56e-05
1.57e-05
1.56e-05
1.56e-05
1.56e-05
1.57e-05
1.56e-05
1.57e-05
1.53e-05
1.56e-05
1.56e-05
1.56e-05
1.55e-05
1.56e-05
1.57e-05
1.56e-05
1.55e-05
1.53e-05
1.56e-05
1.56e-05
1.58e-05
1.56e-05
1.57e-05
1.56e-05
1.55e-05
1.56e-05
1.57e-05
1.55e-05
1.58e-05
4.5e-05
1.56e-05
1.56e-05
1.57e-05
1.56e-05
1.56e-05
1.56e-05
1.53e-05
1.56e-05
1.57e-05
1.54e-05
1.54e-05
1.55e-05
1.55e-05
1.58e-05
1.55e-05
1.56e-05
1.57e-05
1.57e-05
1.57e-05
1.56e-05
1.56e-05
1.55e-05
1.54e-05
1.53e-05
1.56e-05
1.56e-05
1.56e-05
1.56e-05
1.56e-05
1.56e-05
1.71e-05
1.56e-05
1.55e-05
1.56e-05
1.56e-05
1.56e-05
1.59e-05
1.56e-05
1.54e-05
1.56e-05
1.56e-05
1.57e-05
1.55e-05
1.56e-05
1.57e-05
1.57e-05
1.93e-05
1.56e-05
1.56e-05
1.56e-05
1.59e-05
1.57e-05
1.55e-05
1.57e-05
6.96e-05
1.57e-05
1.56e-05
1.56e-05
1.58e-05
3.03e-05
2.03e-05
1.58e-05
1.57e-05
1.56e-05
1.56e-05
1.59e-05
2.16e-05
1.53e-05
1.56e-05
1.56e-05
1.56e-05
1.56e-05
1.59e-05
1.56e-05
1.54e-05
1.56e-05
1.56e-05
1.57e-05
1.56e-05
1.56e-05
1.65e-05
1.59e-05
1.56e-05
1.56e-05
1.59e-05
1.56e-05
1.56e-05
1.56e-05
1.58e-05
1.55e-05
1.55e-05
1.56e-05
1.55e-05
1.56e-05
1.56e-05
1.56e-05
1.62e-05
1.57e-05
1.65e-05
1.65e-05
1.55e-05
1.56e-05
1.56e-05
1.56e-05
1.56e-05
1.56e-05
1.56e-05
1.55e-05
1.56e-05
1.56e-05
1.56e-05
1.55e-05
1.55e-05
1.57e-05
1.56e-05
1.56e-05
1.56e-05
2.13e-05
1.65e-05
1.56e-05
1.56e-05
1.58e-05
1.56e-05
1.57e-05
1.57e-05
1.56e-05
1.56e-05
1.53e-05
1.56e-05
1.56e-05
1.57e-05
1.56e-05
1.54e-05
1.6e-05
1.56e-05
1.56e-05
1.56e-05
1.56e-05
1.65e-05
2.1e-05
1.73e-05
1.56e-05
1.56e-05
1.57e-05
1.51e-05
1.91e-05
1.55e-05
1.59e-05
1.56e-05
1.56e-05
1.56e-05
1.56e-05
1.56e-05
1.56e-05
1.55e-05
1.57e-05
1.57e-05
1.65e-05
1.56e-05
1.55e-05
1.57e-05
1.57e-05
1.56e-05
1.54e-05
1.56e-05
1.6e-05
1.56e-05
1.55e-05
1.56e-05
1.56e-05
1.56e-05
1.56e-05
1.56e-05
1.56e-05
1.56e-05
1.57e-05
1.56e-05
1.57e-05
1.56e-05
1.56e-05
1.56e-05
1.56e-05
1.56e-05
1.56e-05
1.56e-05
1.56e-05
1.86e-05
1.56e-05
1.56e-05
1.57e-05
1.56e-05
1.56e-05
1.53e-05
1.55e-05
1.55e-05
1.56e-05
1.65e-05
1.55e-05
1.63e-05
1.54e-05
1.59e-05
1.62e-05
1.56e-05
1.55e-05
1.56e-05
1.55e-05
1.55e-05
1.96e-05
1.56e-05
1.57e-05
1.56e-05
1.56e-05
1.56e-05
1.56e-05
1.56e-05
1.65e-05
1.56e-05
1.56e-05
1.56e-05
1.56e-05
1.59e-05
1.57e-05
1.55e-05
1.56e-05
1.52e-05
1.57e-05
1.55e-05
1.57e-05
1.56e-05
1.57e-05
1.57e-05
1.56e-05
1.56e-05
1.58e-05
1.56e-05
1.66e-05
1.56e-05
1.57e-05
1.56e-05
1.54e-05
1.57e-05
1.56e-05
1.56e-05
1.55e-05
1.56e-05
1.56e-05
1.55e-05
1.56e-05
1.56e-05
2.56e-05
1.55e-05
1.56e-05
1.57e-05
1.56e-05
1.76e-05
1.56e-05
1.57e-05
1.57e-05
1.76e-05
1.58e-05
1.56e-05
1.56e-05
1.59e-05
1.55e-05
1.56e-05
3.61e-05
1.5e-05
1.56e-05
1.56e-05
1.55e-05
1.56e-05
1.56e-05
1.55e-05
1.56e-05
1.66e-05
1.56e-05
1.83e-05
1.56e-05
1.57e-05
1.56e-05
1.56e-05
2.1e-05
1.56e-05
1.56e-05
1.51e-05
1.54e-05
1.56e-05
1.56e-05
1.57e-05
1.58e-05
1.56e-05
1.54e-05
1.54e-05
1.65e-05
1.56e-05
1.56e-05
1.58e-05
1.65e-05
1.56e-05
1.53e-05
1.57e-05
1.57e-05
1.57e-05
1.56e-05
1.56e-05
1.57e-05
1.56e-05
1.54e-05
1.55e-05
1.54e-05
1.55e-05
1.56e-05
1.56e-05
2.08e-05
1.56e-05
1.59e-05
1.56e-05
1.56e-05
1.57e-05
1.56e-05
1.58e-05
1.74e-05
1.56e-05
1.57e-05
1.54e-05
1.64e-05
1.56e-05
1.56e-05
1.56e-05
1.56e-05
1.56e-05
2.11e-05
1.66e-05
1.57e-05
1.56e-05
1.56e-05
1.56e-05
1.56e-05
1.55e-05
1.56e-05
1.57e-05
0.0001472
1.57e-05
1.56e-05
1.55e-05
1.56e-05
1.54e-05
1.58e-05
1.57e-05
1.52e-05
1.51e-05
1.56e-05
1.64e-05
1.59e-05
1.56e-05
1.56e-05
1.56e-05
1.56e-05
1.56e-05
1.56e-05
1.56e-05
1.56e-05
1.56e-05
1.56e-05
1.72e-05
1.56e-05
1.56e-05
1.57e-05
1.56e-05
1.56e-05
1.53e-05
1.56e-05
1.66e-05
1.57e-05
1.57e-05
1.58e-05
1.58e-05
1.57e-05
1.56e-05
1.56e-05
1.57e-05
1.57e-05
1.57e-05
1.56e-05
1.56e-05
1.56e-05
1.56e-05
1.96e-05
1.56e-05
1.56e-05
1.65e-05
1.57e-05
1.56e-05
1.54e-05
1.57e-05
1.55e-05
1.56e-05
1.56e-05
1.56e-05
1.57e-05
1.56e-05
1.57e-05
1.56e-05
1.56e-05
1.56e-05
1.55e-05
1.54e-05
1.56e-05
1.56e-05
1.56e-05
1.55e-05
1.59e-05
1.53e-05
1.57e-05
1.56e-05
1.57e-05
1.78e-05
1.56e-05
1.55e-05
1.56e-05
2.57e-05
1.55e-05
1.56e-05
1.56e-05
1.54e-05
1.56e-05
1.57e-05
1.55e-05
1.56e-05
1.63e-05
1.56e-05
1.56e-05
1.56e-05
1.74e-05
1.54e-05
1.58e-05
1.56e-05
1.62e-05
1.57e-05
1.87e-05
1.56e-05
1.56e-05
1.56e-05
1.56e-05
1.56e-05
1.56e-05
1.56e-05
1.59e-05
1.56e-05
1.63e-05
1.54e-05
1.55e-05
1.54e-05
1.56e-05
1.56e-05
1.57e-05
1.58e-05
1.6e-05
1.58e-05
1.56e-05
1.56e-05
1.56e-05
1.54e-05
1.57e-05
1.56e-05
2.16e-05
1.56e-05
1.55e-05
1.65e-05
1.56e-05
1.57e-05
1.56e-05
1.56e-05
1.56e-05
1.54e-05
1.54e-05
1.57e-05
1.54e-05
1.53e-05
1.57e-05
1.57e-05
1.56e-05
1.58e-05
1.55e-05
1.56e-05
1.56e-05
1.58e-05
1.56e-05
1.72e-05
1.57e-05
1.57e-05
1.62e-05
1.55e-05
1.56e-05
1.57e-05
1.53e-05
6.19e-05
1.57e-05
1.56e-05
1.57e-05
1.57e-05
1.59e-05
1.55e-05
2.12e-05
1.59e-05
1.56e-05
1.56e-05
1.56e-05
1.63e-05
1.56e-05
1.66e-05
1.57e-05
1.54e-05
1.56e-05
1.57e-05
1.79e-05
1.57e-05
1.57e-05
